99
6 2 0 2 0 2 0
3 1 0 2 0 0 0
429 120 0 179 0 130 0
116 44 0 9 0 63 0
363 171 0 53 0 139 0
309 281 0 12 0 16 0
999 499 0 250 0 250 0
227 91 0 111 0 25 0
782 356 0 71 0 355 0
900 438 0 236 0 226 0
820 402 0 399 0 19 0
226 27 0 105 0 94 0
542 158 0 172 0 212 0
5 3 0 1 0 1 0
384 93 0 113 0 178 0
577 235 0 163 0 179 0
611 292 0 133 0 186 0
543 252 0 157 0 134 0
531 113 0 243 0 175 0
816 732 0 44 0 40 0
4 2 0 2 0 0 0
781 310 0 307 0 164 0
373 177 0 84 0 112 0
573 80 0 161 0 332 0
399 124 0 104 0 171 0
903 305 0 286 0 312 0
33 16 0 5 0 12 0
999 250 0 500 0 249 0
463 75 0 158 0 230 0
632 304 0 151 0 177 0
297 112 0 39 0 146 0
1000 334 0 333 0 333 0
661 355 0 108 0 198 0
999 333 0 333 0 333 0
114 37 0 43 0 34 0
615 52 0 266 0 297 0
610 211 0 142 0 257 0
35 9 0 10 0 16 0
5 2 0 0 0 3 0
173 20 0 72 0 81 0
975 458 0 413 0 104 0
3 0 0 0 0 3 0
858 406 0 287 0 165 0
105 39 0 37 0 29 0
604 30 0 297 0 277 0
981 325 0 273 0 383 0
736 320 0 360 0 56 0
247 73 0 74 0 100 0
6 2 0 1 0 3 0
4 2 0 1 0 1 0
1000 500 0 0 0 500 0
1000 500 0 250 0 250 0
4 1 0 2 0 1 0
1000 0 0 501 0 499 0
39 24 0 14 0 1 0
899 311 0 432 0 156 0
68 24 0 14 0 30 0
804 55 0 391 0 358 0
674 237 0 143 0 294 0
372 151 0 166 0 55 0
789 240 0 377 0 172 0
405 120 0 164 0 121 0
893 431 0 108 0 354 0
999 0 0 500 0 499 0
174 78 0 86 0 10 0
7 2 0 3 0 2 0
28 13 0 6 0 9 0
6 0 0 3 0 3 0
671 89 0 270 0 312 0
942 45 0 457 0 440 0
349 148 0 93 0 108 0
534 35 0 253 0 246 0
701 319 0 38 0 344 0
32 9 0 11 0 12 0
656 106 0 235 0 315 0
722 117 0 347 0 258 0
265 105 0 152 0 8 0
39 7 0 16 0 16 0
991 386 0 65 0 540 0
371 167 0 134 0 70 0
56 28 0 19 0 9 0
4 1 0 1 0 2 0
4 0 0 3 0 1 0
349 25 0 157 0 167 0
557 241 0 117 0 199 0
611 151 0 4 0 456 0
5 2 0 1 0 2 0
84 6 0 40 0 38 0
932 350 0 145 0 437 0
1000 499 0 1 0 500 0
867 93 0 526 0 248 0
415 170 0 57 0 188 0
739 338 0 236 0 165 0
3 1 0 1 0 1 0
205 50 0 80 0 75 0
554 160 0 269 0 125 0
4 2 0 0 0 2 0
999 499 0 499 0 1 0
978 432 0 360 0 186 0
