99
6 2 0 2 0 2 0
3 1 0 2 0 0 0
992 380 0 134 0 478 0
922 388 0 232 0 302 0
13 5 0 2 0 6 0
33 0 0 3 0 30 0
4 1 0 2 0 1 0
416 178 0 102 0 136 0
990 65 0 580 0 345 0
356 155 0 72 0 129 0
655 325 0 76 0 254 0
6 2 0 3 0 1 0
999 499 0 0 0 500 0
921 125 0 420 0 376 0
4 2 0 0 0 2 0
999 500 0 250 0 249 0
869 119 0 345 0 405 0
349 144 0 54 0 151 0
473 111 0 203 0 159 0
941 383 0 91 0 467 0
685 199 0 338 0 148 0
1000 500 0 500 0 0 0
712 26 0 333 0 353 0
70 10 0 29 0 31 0
841 320 0 259 0 262 0
703 557 0 82 0 64 0
6 3 0 0 0 3 0
821 207 0 397 0 217 0
264 18 0 131 0 115 0
3 1 0 1 0 1 0
999 499 0 1 0 499 0
795 369 0 257 0 169 0
5 2 0 2 0 1 0
890 123 0 326 0 441 0
5 0 0 2 0 3 0
4 1 0 3 0 0 0
691 613 0 76 0 2 0
929 189 0 379 0 361 0
105 51 0 41 0 13 0
1000 1 0 499 0 500 0
209 37 0 76 0 96 0
825 81 0 342 0 402 0
489 54 0 197 0 238 0
159 44 0 65 0 50 0
806 335 0 237 0 234 0
38 11 0 15 0 12 0
327 120 0 65 0 142 0
575 164 0 195 0 216 0
625 252 0 105 0 268 0
298 132 0 61 0 105 0
764 338 0 156 0 270 0
592 253 0 281 0 58 0
7 3 0 2 0 2 0
108 15 0 41 0 52 0
109 37 0 47 0 25 0
683 184 0 163 0 336 0
423 196 0 98 0 129 0
410 10 0 368 0 32 0
138 40 0 31 0 67 0
3 0 0 0 0 3 0
516 125 0 229 0 162 0
173 66 0 42 0 65 0
5 1 0 3 0 1 0
999 333 0 333 0 333 0
4 2 0 2 0 0 0
341 131 0 135 0 75 0
4 1 0 1 0 2 0
607 183 0 218 0 206 0
22 12 0 5 0 5 0
341 130 0 92 0 119 0
339 80 0 80 0 179 0
999 499 0 250 0 250 0
4 2 0 1 0 1 0
916 436 0 365 0 115 0
910 69 0 612 0 229 0
407 66 0 173 0 168 0
888 436 0 12 0 440 0
516 220 0 231 0 65 0
21 7 0 10 0 4 0
1000 333 0 334 0 333 0
1000 250 0 250 0 500 0
1000 0 0 501 0 499 0
235 78 0 45 0 112 0
659 261 0 263 0 135 0
918 345 0 338 0 235 0
727 338 0 206 0 183 0
91 15 0 24 0 52 0
592 247 0 187 0 158 0
793 334 0 291 0 168 0
350 90 0 166 0 94 0
543 260 0 61 0 222 0
108 29 0 42 0 37 0
435 217 0 9 0 209 0
929 415 0 421 0 93 0
359 200 0 103 0 56 0
704 242 0 273 0 189 0
899 314 0 244 0 341 0
201 70 0 62 0 69 0
78 27 0 33 0 18 0
