100
1 3 22
13 19 20
1 2 30
1 14
1 3 22
3 7 13
1 2 5
3 4
1 2 24
4 9
1 3 29
1 6 10
1 1 24
3
1 4 29
20 22 27 29
1 1 6
4
1 3 17
3 5 11
1 4 14
1 3 9 10
1 1 3
2
1 2 27
3 7
1 1 7
1
1 2 29
2 6
1 5 17
9 11 13 15 16
1 1 27
5
1 2 20
1 3
1 1 25
22
1 1 4
3
1 1 8
3
1 1 30
1
1 1 4
4
1 1 14
14
1 1 19
3
1 2 21
4 7
1 4 16
1 2 4 8
1 3 6
1 2 5
1 3 18
2 7 11
1 1 30
30
1 2 11
4 8
1 3 22
13 18 22
1 1 4
1
1 4 7
1 4 6 7
1 1 1
1
1 2 28
9 10
1 5 5
1 2 3 4 5
1 3 13
1 9 10
1 2 5
2 3
1 1 5
5
1 2 27
3 7
1 3 27
13 14 18
1 1 5
1
1 2 11
10 11
1 1 8
4
1 2 16
4 9
1 3 9
2 8 9
1 2 30
11 18
1 1 2
1
1 1 2
1
1 1 30
29
1 5 30
1 2 4 8 15
1 3 11
9 10 11
1 3 26
6 23 25
1 5 16
1 2 4 8 16
1 1 15
5
1 3 28
2 5 12
1 1 22
1
1 3 21
4 5 10
1 2 20
4 8
1 3 23
11 19 23
1 2 29
13 16
1 2 22
2 22
1 3 29
8 18 25
1 3 21
10 14 20
1 2 11
9 11
1 2 24
3 24
1 3 23
9 13 19
1 3 22
5 10 20
1 1 30
2
1 4 17
8 12 15 17
1 3 25
11 18 24
1 3 20
5 10 18
1 1 4
1
1 1 10
10
1 3 16
13 15 16
1 4 25
4 5 13 25
1 1 23
3
1 2 3
1 2
1 4 26
5 22 24 26
1 2 29
1 4
1 2 29
17 24
1 2 25
4 13
1 2 20
14 18
1 5 25
15 17 21 23 24
1 2 10
3 6
1 3 16
2 6 11
1 2 4
3 4
1 2 21
13 21
1 4 22
2 5 11 20
1 2 18
4 9
1 2 26
16 18
1 1 7
1
1 3 12
3 5 11
1 2 26
5 9
1 3 19
2 14 15
1 1 30
1
1 1 12
3
1 1 25
4
1 2 30
19 26
