100
11 5 16 5 0 0
3 1 3 2 2 0
3 1 3 2 1 0
2 1 5 1 1 1
99 2 2 8 0 0
98 1 96 49 0 1
99 1 92 48 0 1
9 1 79 3 2 2
23 7 94 11 8 1
74 1 56 16 1 14
67 1 76 36 1 11
16 5 61 8 4 2
98 1 92 48 0 1
92 1 19 23 0 0
95 1 45 49 0 2
92 1 94 45 0 1
90 1 95 46 0 1
98 1 95 48 0 1
93 1 48 45 0 2
91 1 93 45 0 1
90 1 96 45 0 1
93 1 97 45 0 1
92 1 99 46 0 1
93 1 99 47 0 1
21 1 5 26 4 4
98 1 93 48 0 1
73 1 89 44 4 42
97 1 98 47 0 1
88 1 75 44 3 17
77 1 24 34 3 32
91 1 97 45 0 1
97 1 47 48 0 2
90 1 31 47 0 3
96 1 91 48 0 1
100 1 99 51 0 1
26 1 60 13 3 2
75 5 51 41 3 7
86 1 85 16 1 2
97 1 31 48 0 3
28 5 50 7 0 0
51 21 78 29 10 21
91 1 91 44 0 1
90 1 92 44 0 1
100 1 30 51 0 3
98 1 23 53 0 4
88 7 48 60 0 0
71 1 38 40 1 9
96 1 96 48 0 1
78 1 13 91 3 20
92 1 90 45 0 1
97 1 96 48 0 1
93 1 48 47 0 2
97 1 22 48 0 4
91 1 93 46 0 1
96 1 93 49 0 1
95 1 93 46 0 1
30 1 7 89 1 2
100 1 24 52 0 4
37 1 93 55 2 31
97 1 100 48 0 1
17 1 4 9 4 4
97 1 91 48 0 1
90 1 94 44 0 1
30 65 77 89 1 12
9 1 33 5 3 1
99 1 97 50 0 1
36 41 85 76 28 49
99 1 31 50 0 3
99 1 99 48 0 1
92 1 91 41 3 5
90 1 97 44 0 1
93 1 30 49 0 3
46 1 93 21 3 4
100 1 100 51 0 1
99 1 32 49 0 3
97 1 95 48 0 1
96 1 97 47 0 1
95 4 23 34 0 0
19 3 12 29 2 17
92 1 25 46 0 4
100 1 98 49 0 1
97 1 23 52 0 4
94 1 91 46 0 1
90 1 92 45 0 1
62 1 33 31 3 3
67 1 85 25 1 4
97 1 30 51 0 3
100 1 24 49 0 4
92 1 94 47 0 1
42 1 51 22 3 3
56 10 85 25 2 2
94 1 45 47 0 2
98 1 95 49 0 1
92 1 24 49 0 4
80 15 55 89 33 87
95 1 47 49 0 2
100 1 99 50 0 1
99 1 47 51 0 2
4 1 93 33 1 17
88 1 64 37 4 6
