100
2 1
100 20
200 10
2 2
100 20
200 10
3 2
100 10
100 10
100 10
4 2
9 3
7 1
10 1
8 4
10 7
23373 2603
26906 2676
23706 2727
26946 2605
276453 81
28329 2810
26504 2527
216146 24
288296 56
21357 2349
6 4
3888 398382
3971 322511
3745 388493
11741 82
3913 395383
10080 7
5 3
662448 933537
103899 922926
176137 832462
753314 916814
18149 524547
10 5
15203 9
3875 370978
12948 18
3835 325494
13264 27
3357 307786
3232 310502
3244 384726
3883 352615
3319 347486
10 5
25622 2664
27177 2590
23575 2266
218781 26
280950 61
27893 2722
21565 2680
296974 66
25103 2112
24621 2337
5 1
767345 87048
826325 961810
488270 409086
665045 403190
813508 992716
8 5
39501 218776
290444 29754
456228 18942
196308 44022
732424 11799
104139 82984
654588 13202
483759 17864
8 3
3076 397403
3944 364194
3245 307830
10971 22
3231 371149
3000 323837
3098 393713
13091 12
10 6
664129 699748
318586 338322
720446 407496
259952 352763
544900 787629
307840 228562
542383 150911
107437 134786
88335 368901
269804 616933
9 5
834384 991603
667555 756443
262014 324398
732368 199816
838120 683993
29414 612655
547874 997131
465912 773002
837645 630243
5 1
38226 760460
29172 996481
37781 769417
58898 493554
193784 150009
9 2
785022 51740
118723 342116
70353 577332
858185 47329
206248 196933
61062 665177
683110 59459
800115 50764
66374 611942
2 1
105049 664825
791137 88277
8 3
3994 358633
3022 327310
3540 385310
10197 19
3413 323058
3893 395723
3230 376097
18204 6
10 3
157769 610375
224099 429713
320697 300278
313809 306869
291904 329897
509054 189171
996340 96652
121166 794763
123032 782709
476474 202106
6 4
34314 211068
9009 803928
736934 9828
195624 37023
684684 10578
814506 8892
4 2
26705 2773
227189 54
21998 2090
26057 2823
5 3
445564 901444
316388 592855
693071 932167
109081 998111
978289 311262
5 1
3368 333270
3772 391240
17463 40
10789 22
3491 303372
7 4
111321 279128
137268 226366
356454 87172
42066 738668
127428 243846
95571 325128
107502 289044
4 3
295082 39
24085 2221
20262 2900
27029 2064
2 1
16069 86
3194 367235
7 5
395446 822077
641252 142211
490763 971156
133282 572942
480160 731824
653418 310887
66587 446637
8 2
764084 652422
981609 683594
587462 897329
20315 278894
54601 900249
718771 905037
756351 456642
433222 434965
6 3
305242 972906
888233 18758
266098 43175
28982 414396
158187 645850
802381 456891
4 1
11451 47
3536 309915
3518 370518
3982 328023
6 1
714021 62129
474987 93395
267563 165798
668003 66409
260018 170609
53006 836913
7 5
298663 44903
75080 178621
628762 21329
358244 37435
179496 74714
22841 587140
610862 21954
3 1
291250 93
29093 2330
26524 2345
5 2
225233 80
240449 37
20144 2516
26134 2859
20882 2065
6 2
263273 47
27372 2725
21319 2076
24681 2189
25531 2695
292733 38
6 1
13749 468639
189301 972265
353304 159426
594639 684519
118972 865691
47385 807256
2 1
3217 386948
16511 65
3 1
280419 46
29802 2361
21610 2220
6 4
20221 2614
273876 27
29118 2085
26011 2417
212658 46
20708 2310
10 3
180881 698427
754415 837491
561679 719826
998939 392292
840039 89770
693056 534709
973493 431631
791759 776626
411886 213030
956927 21404
6 1
3236 340359
3665 330771
3573 350260
19690 11
3062 392038
16784 50
8 5
596904 14319
211603 40392
35948 237762
307692 27778
16082 531468
127908 66822
337722 25308
556776 15351
7 2
205019 33
25321 2212
27185 2166
24125 2156
24212 2354
256345 14
20407 2270
10 6
250614 46
27804 2796
227844 20
21638 2483
29002 2770
28364 2237
21874 2448
24189 2444
263169 98
28780 2640
10 3
22334 2574
29051 2976
231551 2
285559 1
242623 88
23472 2278
27064 2391
20218 2668
29380 2022
27621 2653
10 6
13311 344344
12771 358904
64328 71253
8514 538356
7293 628488
907816 5049
79464 57681
745416 6149
8041 570024
11832 387387
8 5
91977 268632
95202 259532
491877 50232
67896 363909
475272 51987
412542 59892
83076 297414
85813 287928
3 1
3707 301007
3413 367151
19086 25
5 3
3024 314759
16873 95
3755 363233
3055 393124
10531 81
8 6
486310 163611
362939 219226
91993 864910
284534 279635
162422 489870
445150 178739
489870 162422
83560 952198
4 3
3889 388668
3224 391533
15809 82
3194 377818
2 1
916928 657155
105676 224089
7 5
615509 148335
573358 159240
118248 772119
393986 231738
107085 852608
478046 190989
163551 558245
3 1
239385 62
26260 2090
26967 2570
6 1
28805 2122
28954 2569
264010 66
246060 33
20996 2786
26701 2517
7 1
110868 442150
126297 388135
567115 86438
529251 92622
235027 208573
77598 631721
412719 118774
4 2
20676 2475
257660 55
20427 2163
24798 2832
2 1
97697 270572
35298 748883
5 2
685637 140649
207054 465744
364011 264921
496183 194352
607268 158800
8 4
657108 701756
932142 286893
521094 837943
916678 297313
39248 526141
87203 758861
656302 954147
791966 29632
6 4
195693 265608
838457 61992
782772 66402
66402 782772
66822 777852
87822 591852
2 2
30229 452088
246753 55384
3 2
340956 45322
322014 47988
271932 56826
4 3
881144 7749
158916 42966
383724 17794
950708 7182
8 4
486218 66559
266887 121258
50575 639885
633410 51092
97755 331054
878667 36831
226807 142686
384925 84074
6 4
71982 159068
35991 318136
47988 238602
24472 467883
357903 31992
519064 22059
6 4
3913 316633
16464 68
11148 41
3820 340435
3260 328078
3232 374995
4 3
3615 332984
3674 305854
3022 389851
19635 44
7 2
166751 663379
206398 932886
50924 955813
38288 271242
833143 279690
946520 396297
54947 469858
8 3
3220 357071
3078 395642
13230 8
10687 57
3625 328228
3923 353637
3096 330985
3830 350476
10 10
1000000 1000000
1000000 1000000
1000000 1000000
1000000 1000000
1000000 1000000
1000000 1000000
1000000 1000000
1000000 1000000
1000000 1000000
1000000 1000000
3 2
482328 33497
462726 34916
471366 34276
9 6
331588 196839
433365 936335
663183 173418
387104 119810
961158 628240
561843 973054
68449 262147
657077 798219
506260 656272
6 4
447678 14964
323532 20706
482328 13889
39732 168606
209496 31977
370359 18088
1 1
1 1
2 2
137256 62271
44548 191862
7 5
999502 755003
753852 916989
457564 218306
3161 669234
970298 8789
397786 112479
620168 420671
7 1
3104 356150
3121 347873
3283 366707
3726 358740
17126 21
3601 374271
14699 20
8 6
26102 2638
201764 52
20750 2070
247900 77
28293 2279
28795 2015
21028 2963
22770 2314
10 5
958134 88808
797529 106692
167992 506512
331284 256849
179087 475132
945171 90026
274645 309818
740763 114868
88525 961197
344671 246873
9 4
68063 182807
32496 382890
21174 587626
994119 12516
495062 25133
97641 127430
442648 28109
341327 36453
782442 15902
6 3
491124 67114
74170 444402
37258 884677
527094 62534
373588 88229
422191 78072
7 4
227995 94
21503 2913
23868 2667
240634 21
25429 2931
25265 2642
27419 2937
4 1
512245 142289
168627 432237
168627 432237
73004 998395
8 5
130758 134316
59644 294462
104377 168264
403522 43524
376216 46683
893513 19656
57564 305102
243048 72261
4 3
832424 42548
211414 167529
56532 626512
72863 486090
2 1
15921 5
3298 318392
9 4
146928 665981
237097 18800
860746 79694
551910 855467
705151 182650
728918 89567
684031 776340
908242 832435
15205 529700
3 1
3186 357637
17510 6
3055 313438
3 2
771277 987075
728850 767555
497452 685026
5 3
203688 152551
169043 183816
75924 409262
573426 54188
433566 71668
6 4
25359 2244
20237 2600
25543 2203
20539 2856
224702 47
243257 79
10 2
869160 135432
495770 72024
243679 282780
821236 999506
265208 630416
661824 575077
797082 195334
81177 38223
464731 378858
225428 22947
2 1
392375 107216
168098 250264
7 4
532266 14508
25668 300846
102258 75516
98952 78039
179676 42978
806403 9576
42408 182091
2 2
490854 28044
271092 50778
3 2
317053 46872
518814 28644
75768 196137
8 5
939209 106418
182326 548187
116870 855213
276261 361791
135507 737591
536773 186203
522657 191232
356840 280094
4 2
372405 576615
261862 251981
478089 627206
989615 825016
4 1
3367 335336
17331 17
3832 354166
3372 330417
