100
2 1
100 20
200 10
2 2
100 20
200 10
3 2
100 10
100 10
100 10
4 2
9 3
7 1
10 1
8 4
4 3
497129 218786
797942 455037
136856 983726
3595 358351
3 1
100005 24139
498645 150179
642587 909284
4 3
89999 256824
330993 69832
437697 52808
118818 194532
2 2
18414 242788
4554 981708
2 1
12807 25
3207 351199
7 5
15122 39
19203 88
3845 318555
3322 319697
3501 390127
3062 371536
3894 300953
8 3
22081 2229
28392 2923
23952 2132
27049 2236
251247 31
26634 2274
298976 84
24373 2381
3 1
29169 2978
220664 31
21959 2428
9 3
10780 27
3514 308775
3767 336789
3892 355061
3403 382005
3309 317630
3935 337845
3354 381429
17213 66
6 1
871360 23857
57632 360703
260218 79887
306984 67717
625731 33222
126632 164161
3 1
3989 316941
10617 72
3651 325863
7 4
630378 121567
317231 962610
756884 406532
540747 378917
466354 360950
226343 925437
190102 903001
7 5
3927 345670
3365 362437
13971 53
3120 399969
3062 306812
3917 312765
14269 91
7 1
3400 315945
3187 386613
16438 45
3803 308211
3039 375965
3366 340911
18339 6
9 5
48433 154008
11594 643356
47817 155992
738668 10098
31372 237762
62271 119784
175491 42504
27972 266662
10989 678776
4 2
3480 389651
15844 88
3998 399472
3964 395796
2 1
158816 287707
46108 990988
2 1
564777 470181
188715 926128
4 3
408776 105178
80771 532298
552093 77875
507954 84642
1 1
1 1
4 1
968719 804861
187840 689466
89506 879472
669655 377858
8 5
22568 816183
805194 22876
29526 623844
18662 987012
18648 987753
49321 373464
30969 594776
428792 42957
2 1
400210 463811
174246 321058
8 5
55986 577116
201756 160146
368424 87699
259284 124614
49364 654534
263097 122808
55384 583389
151317 213528
7 2
28836 2974
25838 2250
280979 47
23859 2820
25924 2710
25378 2723
212489 64
10 6
23144 2134
25592 2679
27302 2186
219104 62
24733 2181
269951 76
24277 2965
203231 94
25778 2171
29659 2125
3 1
526888 18622
648850 979432
847737 561252
10 5
201339 265209
83933 636185
238210 224159
352534 151466
656724 81308
131560 405875
511906 104310
219906 242817
180852 295252
233320 228857
8 5
3118 389237
3003 390024
3393 316294
3525 383965
19927 16
3750 307211
3845 344826
15130 45
8 5
35343 394568
99603 140008
122507 113832
33411 417384
264957 52632
64449 216376
351912 39627
216376 64449
2 1
483569 130897
324912 194815
9 6
246718 92
25982 2538
28164 2099
257129 22
28684 2927
29546 2747
24857 2649
23459 2155
27693 2899
8 5
33411 953496
88236 361046
488376 65231
807044 39474
196308 162282
135864 234479
115292 276318
752913 42312
2 1
26310 2369
272040 58
2 1
3358 324102
12308 38
7 5
670412 627381
562752 295763
614007 337710
950856 924821
998322 312501
731982 760343
773070 282325
7 4
3034 372750
19837 66
3493 381464
3415 311174
11272 36
3201 384787
3905 308505
4 3
29152 2087
27868 2836
29254 2932
279864 7
6 4
247863 37944
178002 52836
93177 100936
28971 324632
12648 743589
57288 164169
8 5
14508 393414
631098 9044
14364 397358
14136 403767
47502 120156
21762 262276
403767 14136
41769 136648
3 1
15799 99
3462 315755
3944 364406
4 2
244923 32
28343 2512
24120 2712
29845 2928
9 4
3470 301267
3920 366737
10498 29
3183 317358
3640 364313
3903 394512
3546 367615
3033 302046
13468 100
10 5
110544 392692
48586 893462
397136 109307
786779 55174
219824 197475
69594 623757
269176 161269
263300 164868
55109 787707
271467 159908
4 3
781218 21812
113183 150552
30996 549746
28823 591192
3 2
37758 278388
11704 898101
113553 92568
7 3
895980 59006
117485 115870
811305 420417
952180 361406
797948 397045
917485 904069
172057 702958
2 1
3772 332528
15963 100
2 1
293429 31
28537 2242
7 4
464202 36708
19803 860472
215118 79212
475524 35834
107226 158916
79458 214452
556206 30636
7 1
303855 91418
894011 31071
299056 92885
288056 96432
234991 118208
51818 536065
29583 938979
5 1
922149 161494
130105 528055
840188 481746
476586 448132
95781 106662
9 3
24788 2215
291607 26
25852 2516
24775 2224
24098 2476
28026 2725
28108 2447
27040 2798
218415 26
6 4
282188 116633
94819 347108
99569 330549
99780 329850
140952 233501
40843 805828
5 3
150552 54131
170478 47804
588924 13838
14212 573426
722092 11286
10 6
23427 2013
284100 59
29892 2700
23636 2247
21414 2610
21942 2388
26574 2210
285194 72
276142 65
26630 2518
5 3
51160 664030
182209 186444
635985 53416
356285 95350
305928 111045
2 1
360339 134847
334386 145313
5 1
721531 878160
977731 30142
29718 454456
236552 615122
754261 84344
5 3
764568 56373
324392 132867
296184 145521
643356 66994
61992 695267
4 1
81952 151160
261936 133482
685466 193966
395786 895734
7 3
207046 36
23453 2972
261693 12
26411 2562
22256 2387
28556 2587
20752 2909
6 1
23403 862917
33782 597799
105124 192105
29723 679435
48017 420577
21901 922097
9 6
447905 114008
644700 79207
192695 265003
377349 135325
109315 467134
400533 127492
81738 624737
560609 91088
121300 420979
2 1
81227 469121
19729 398793
4 1
671382 68574
941269 48912
174303 264134
92831 495948
10 3
393857 121105
162112 294229
200158 238302
906118 52640
931257 51219
251123 189939
835518 57088
992283 48069
607224 78551
175278 272128
5 3
60088 244647
27972 525538
27144 541569
54366 270396
164169 89544
8 6
140153 363485
310510 164064
363288 140229
147902 344441
51437 990406
328367 155142
77448 657777
138243 368507
9 3
3863 394432
3520 378850
3315 304840
17998 64
3863 385041
19168 47
3038 361953
3749 304480
3782 356321
10 3
244682 151005
282748 479812
21596 135285
739744 384707
771550 62501
962594 808649
710504 741209
635300 317781
926370 251387
284038 328864
4 2
3783 333528
3949 302995
3408 380185
17412 13
9 5
15379 4771
835801 143125
65033 845567
974076 500574
244125 558006
903742 822359
543179 456753
176656 333521
993530 527514
10 7
74941 644420
202517 634836
255266 454651
621623 47847
381820 143106
83634 328054
295223 774473
867888 320516
154236 315184
749248 63325
2 1
84502 745813
101402 595963
7 4
3544 371126
3029 303404
13898 31
3252 326305
3767 313024
3520 319726
14904 58
7 4
690494 53244
232841 157896
77256 475881
601398 61132
492507 74648
67983 540792
50344 730269
7 3
28328 2895
281814 88
20982 2569
21584 2808
25632 2108
29063 2065
294704 51
7 2
17520 983126
301699 422587
611428 560976
105013 30490
850249 147159
302424 589217
719291 299117
10 3
223849 16
221142 65
26282 2385
24641 2377
268059 6
26098 2552
20881 2428
29316 2939
23678 2540
23402 2883
9 2
138043 180173
381373 65216
26465 939793
404029 61559
679237 36617
832718 29868
130946 189938
785213 31675
290648 85573
4 1
177301 538574
323941 294775
747444 127755
113795 839138
2 1
413125 125642
558626 92917
2 1
25597 2237
285127 12
10 6
11439 853944
226044 43214
16523 591192
48484 201474
99138 98532
274482 35588
25668 380562
500526 19516
21528 453747
67896 143871
4 2
22044 2987
20688 2062
200980 74
20102 2442
10 10
1000000 1000000
1000000 1000000
1000000 1000000
1000000 1000000
1000000 1000000
1000000 1000000
1000000 1000000
1000000 1000000
1000000 1000000
1000000 1000000
4 1
3677 397004
12018 70
3587 390642
3679 378726
2 1
287747 86823
40918 610564
2 1
3775 315635
14605 72
8 4
864693 502411
325208 622890
802088 96621
468316 977038
7582 637864
367282 684775
496929 61659
39711 74544
8 5
3505 303487
3314 350245
3352 356305
17028 35
3569 353756
3973 397240
19859 36
3372 388997
2 1
264164 48
26564 2665
2 2
340054 14364
196308 24882
6 4
26457 2126
245075 75
22018 2267
21416 2289
267968 52
23298 2077
7 4
65016 177859
166152 69597
34314 336996
665038 17388
503272 22977
373842 30932
417582 27692
