100
2525 1
2400 5
300 2
120 60
60 90
184687997 5
151987651 3196
2606892 6832
43651376 6524
102545340 8560
146913958 8121
740433958 36
552960185 2875
334765185 2771
216118335 8330
222275939 946
448023721 145
170361999 6474
216115987 6696
431438463 3956
206920809 2120
345287321 9561
462892172 2556
626082716 8734
671881703 7366
298927915 8929
157565786 9939
658121520 9874
365123873 972
442384263 8429
105029519 7426
639218834 5884
625682681 3396
692219570 7478
617975257 8592
441985354 7511
704186691 5358
150083490 3425
469363826 6928
584899476 8927
445777737 3500
226404339 2199
124541530 8434
411938915 4417
485443199 2038
230965702 5109
632122147 5317
653695515 3918
235155177 32
54968562 3923
174060649 1171
20989275 2338
67618404 893
140653425 1803
139454353 121
157975366 1153
234369326 1358
140615529 4356
188568992 1448
47010603 3255
141946743 363
21850211 7151
134613703 2772
117280276 4945
8048973 3755
117764324 9804
18703204 8621
100470880 6829
44425778 2707
137430734 5494
51891231 6369
160324926 633
229500803 1961
160992884 6246
37719386 6213
204940894 1342
187831187 461
144702714 7898
199824890 9025
37055358 906
21449614 694
827651391 24
650994890 5961
509974876 3170
53538745 6832
576151436 4332
64211678 6414
127724982 79
78652698 9933
798525596 4462
437088788 3774
277178546 5949
677426928 1479
601151836 8764
379797703 9552
260494891 8461
97571091 8016
74208420 3665
364294401 6448
653833130 6779
618901815 563
802654030 8641
385034910 605
105847450 2855
305907603 437
600424193 5717
386896528 4
241473358 5496
315957015 8300
346835426 2295
289749168 9860
187372173 12
83378031 1365
15083464 4717
70497409 7859
97309251 8443
31621039 4138
35541920 9235
68099868 4535
127667335 5790
34317188 2686
43693868 9179
98806451 3093
28811001 2926
432619154 100
275394979 4512
96649197 6304
38399090 4648
7358602 8339
316365464 2677
25504971 8327
206742102 4248
147690917 8082
174758358 9415
40758293 486
144905059 2376
254014379 6915
339970184 559
370555143 9589
323511775 772
119369581 6152
325419772 9783
366254661 8790
12094427 9492
202884358 3374
2923144 6033
164227748 8784
356122525 2791
68207734 1051
374412894 4585
126578492 6020
20040824 5129
12612434 4947
40604923 4915
282384733 7639
360821664 7657
39932324 463
234997729 2799
96748429 6148
403578171 7568
265878629 7690
187253021 8155
431782126 2710
117005213 5987
395980617 304
428931544 6955
198910459 259
53228956 6472
80307341 1028
97773176 2421
361610923 2523
212041116 5602
141483865 2640
263462203 621
32285324 9645
381220128 1667
350478549 158
420396190 649
11730263 1266
76529178 1540
296216664 8830
180144162 3384
226594126 8359
106170100 8903
236388464 6878
368793671 5553
230991047 5965
192528436 544
2400128 1123
392887236 342
73799514 1812
230376995 83
297030985 6952
303011281 8002
38415245 8631
326446998 9848
40305619 3702
303843359 8665
128636004 3710
120928066 2847
176710625 6143
58159014 5123
388337323 6858
158759780 7752
304116842 7866
45427414 3322
389477106 2218
375509825 2267
139794265 1024
122980556 4438
33830036 6540
11546687 4659
273219577 5807
267141690 6946
44490527 3524
346813817 8536
195614117 268
347646693 4
401414456 2347
250483209 9327
138097909 5138
294239146 8579
104429950 783
334749559 9265
226155747 9311
1000000000 100
999999913 88
999999912 89
999999940 61
999999929 72
999999927 74
999999943 58
999999918 83
999999995 6
999999988 13
999999911 90
999999961 40
999999974 27
999999956 45
999999976 25
999999939 62
999999951 50
999999993 8
999999969 32
999999919 82
999999910 91
999999935 66
999999941 60
999999915 86
999999928 73
999999906 95
999999966 35
999999975 26
999999917 84
999999979 22
999999960 41
999999937 64
999999973 28
999999946 55
999999931 70
999999926 75
999999901 100
999999938 63
999999980 21
999999936 65
999999947 54
999999923 78
999999920 81
999999948 53
999999916 85
999999999 2
999999970 31
999999925 76
999999978 23
999999964 37
999999967 34
999999914 87
999999996 5
999999981 20
999999987 14
999999949 52
999999903 98
999999972 29
999999933 68
999999962 39
999999921 80
999999984 17
999999992 9
999999986 15
999999998 3
999999945 56
999999952 49
999999955 46
999999924 77
999999997 4
999999989 12
999999904 97
999999930 71
999999942 59
999999908 93
999999900 101
999999990 11
999999934 67
999999983 18
999999905 96
999999968 33
999999977 24
999999922 79
999999944 57
999999954 47
999999909 92
999999958 43
999999985 16
999999982 19
999999971 30
999999953 48
999999957 44
999999991 10
999999959 42
999999965 36
999999902 99
999999994 7
999999907 94
999999963 38
999999950 51
999999932 69
909386706 27
245989467 4780
256936945 9313
591460747 3211
429478210 3540
185986074 7436
314821856 2909
133083070 2986
355891510 3082
696056651 2462
298902796 8536
126278776 1954
469352800 3069
562695220 6971
140240495 1483
331085131 7960
300528560 5299
817923797 1113
363363795 2195
243148917 3978
773479525 828
427094113 9936
526179893 9884
751773366 4615
859091676 7915
53044957 7096
590320522 8753
71094385 3437
294618657 12
176284285 6335
33787164 5515
201274369 5330
95205437 2306
165309891 2826
14723895 907
50392776 2400
3817086 5511
200862243 6084
224241114 6271
259355695 6776
150461831 1890
883683281 22
508896128 3981
372428657 5804
723916847 554
564589064 9460
324276067 3318
435560079 6933
438540659 6828
300136278 268
851221771 3742
724529051 9995
850343623 8763
242103703 4160
162102585 4992
292498733 9443
150464762 8667
102517424 6437
9181120 4126
279228559 2947
261266862 6847
760823991 6972
555821612 7925
322983278 9357
810210142 3
352005038 1540
137045760 6385
397779487 3905
70113737 24
40001514 3801
35151153 9012
11482976 762
7655869 6801
64395728 7166
46813213 419
43804956 5920
19105777 6133
43796555 1559
64720058 4206
56675782 8611
59396673 2451
57946617 7715
7183616 8858
43006441 2218
27610599 1200
16862972 2435
34770396 8016
65390629 5645
67714442 5485
11515900 7411
15452008 9958
44709827 80
55809188 5581
129005011 12
122478363 2216
119828780 1422
5878175 8642
51819886 3759
56750563 3602
107003343 6076
10070430 9304
64473980 4902
83402810 9472
69652242 9096
47863271 4072
12313654 6534
849711011 53
361361199 2796
739369888 7720
216089163 7111
119640192 3028
295945843 2443
287095900 4795
594270901 6082
560319508 1790
21780742 8578
70612918 3984
308884933 4956
428840529 7702
755773276 10000
506063958 7401
403965989 3137
536660380 3619
114581156 2165
817404290 2520
443548150 282
451531288 8896
533989664 9756
372605680 6911
187767626 6271
87705254 121
831197757 1945
542312507 1428
601865083 5050
409694844 5585
178395709 4299
467164986 1812
666358611 5640
454322091 7997
106302477 9873
373150322 6276
418049874 6661
268002584 5898
174951101 1710
409507850 807
191136189 217
305837263 5014
273005584 5317
427812774 6881
491519721 9710
762340864 1696
421223929 7767
50775631 8519
547658724 4403
90099450 154
492529558 9940
332526045 6612
756722379 653
550123596 7844
695345868 6361
476568411 8
103636371 7295
148184577 4080
121770084 2308
472083122 4630
443944011 5075
383348189 8631
350362228 6322
132338988 7692
327594677 61
291676999 2673
179317365 9540
287216619 792
315905066 77
113712128 5532
206983745 8216
106377498 6260
318091651 4391
148415411 3047
56456017 74
205719436 7696
271564006 8271
190362858 3850
19610025 9351
30400606 6502
157977778 7286
12663304 4836
180813661 1989
29182664 1191
298381830 5465
196767938 2903
15067940 6610
186980379 5483
38990329 4781
199978563 107
77042121 7816
238009584 9475
195156224 6957
237515628 8158
43904530 4849
163376547 8912
22383779 1453
79995651 5475
114821526 8581
13441781 8670
318825835 3499
295419169 1315
226456233 5457
111921305 8094
306446297 2953
233806401 7100
209037224 9120
206378801 5437
259095050 5817
80431659 3607
250379780 9830
156697202 1444
101191016 8671
130912518 6272
115137023 7682
135367787 3016
16847877 4455
40288213 2431
301299991 2406
108780455 5599
77218222 368
101604067 3217
84844997 7757
84536980 3048
158182089 5828
5279322 4995
2 1
1 1
262081620 19
180236041 5307
191633227 2153
17877026 7554
180299461 9772
5673058 6822
187068925 3674
224942127 278
43513224 3621
204862530 8577
99763622 2683
168835845 7683
189265565 732
162308859 4214
181263720 4589
35528873 4422
88959149 9063
51602160 9836
21141109 9485
157525845 8675
200000 1000
9992 8
7642 9
8598 2
1563 2
6574 6
6178 2
5878 2
8915 2
6724 7
8975 2
6350 4
294 8
4160 10
9687 5
623 8
9122 7
8080 10
8785 8
9028 9
169 8
5654 8
2361 9
1584 10
6238 3
788 2
7259 4
7201 2
5100 9
4710 2
8930 2
2623 7
7311 5
7968 8
830 7
835 2
9386 3
7384 8
9787 7
9014 8
866 4
6723 5
6941 4
6278 9
1056 7
3477 2
9724 2
4249 6
8702 9
8212 9
4556 3
1807 6
7658 9
7535 9
6334 5
5671 8
7110 10
5057 4
8764 2
6195 3
1601 5
2864 5
3665 10
8959 4
1975 7
6870 5
9312 6
2473 5
3809 5
941 9
1889 3
9455 5
8644 6
5004 10
2162 3
9301 4
8288 6
1917 9
9151 8
6442 4
5000 3
1741 8
638 8
4745 6
5232 10
6670 6
9298 4
7620 6
1043 2
725 4
13 9
7561 4
5104 10
3776 9
7829 8
6029 3
1881 3
8673 6
9342 3
3959 8
3856 3
547 2
7882 6
4077 9
1915 7
8103 4
93 7
5749 4
3058 7
6355 4
5874 6
9182 5
522 4
7396 5
8182 5
2169 4
5811 4
9443 4
5096 8
7540 6
9745 5
5275 4
4490 4
7947 2
6829 9
1636 3
8504 5
3658 8
4141 6
1363 6
7501 8
9761 9
5737 8
2143 2
9909 9
1763 8
4507 6
3205 4
7088 9
5354 10
501 8
6027 3
6568 4
2479 10
2733 9
9127 2
5923 2
9813 8
7130 10
4941 3
6180 3
3920 8
9016 3
9931 4
6834 10
8951 3
8883 6
9965 3
9765 2
6938 3
4025 9
7807 3
7290 8
1211 7
8509 4
5615 2
9069 2
982 5
7183 5
2139 3
2535 8
9594 4
7351 8
667 2
1316 3
9558 7
3574 7
1675 10
6901 10
1901 9
340 6
8168 10
5630 2
8451 5
8299 9
9232 6
8828 10
3499 9
3660 3
6116 2
3562 4
2783 7
525 9
5858 3
4103 6
5416 7
9159 4
3936 10
8150 2
7333 4
4371 8
262 6
3929 3
6588 3
6749 3
3618 4
5049 8
8311 6
3140 9
2500 8
2254 6
5800 7
3907 9
2022 6
4843 4
8691 3
8477 7
8211 9
5871 10
7608 6
9072 2
2204 2
6533 4
3082 8
2574 10
4520 10
6801 10
6453 4
211 10
3536 5
7890 10
8014 3
4102 5
1536 3
419 6
6367 3
4756 9
2397 10
304 6
7372 8
6354 3
1255 8
2433 9
3951 3
3108 5
2797 7
6653 6
401 2
8142 10
5642 5
6295 6
6547 7
3181 9
3091 2
9835 5
1209 9
1348 2
9295 6
5334 4
2843 2
3370 7
6209 9
8875 6
6335 5
7466 2
8917 2
7610 3
583 4
3571 4
3713 2
7835 7
6273 7
5631 3
7229 2
7215 2
7409 3
6373 4
1156 7
6940 9
8515 10
9158 6
5521 5
386 2
4649 10
5170 5
6259 9
7494 3
7707 4
5713 2
1402 4
9978 3
5839 4
6079 9
4831 2
2501 6
5029 4
2236 7
5145 2
5292 6
2463 4
3043 3
6472 5
437 5
333 2
5091 2
3624 8
4560 9
1304 6
2829 7
7465 5
9667 6
4574 10
2103 2
9080 2
8507 2
5214 7
2198 7
8804 8
5117 9
7231 6
8858 10
7721 9
8805 5
8317 6
6942 9
2145 3
4458 9
5562 5
4981 3
1148 7
4281 5
6720 2
5885 3
97 3
435 3
2097 6
933 8
4656 5
8022 7
6291 3
8382 10
5259 10
7050 7
5939 8
9567 5
1465 2
1819 7
4230 3
8023 9
8914 3
4305 7
1564 3
1382 8
7872 10
7926 9
3801 2
9516 10
5802 3
9299 10
524 7
1690 6
4415 9
2309 5
1979 4
3575 2
3202 3
5299 6
2206 3
4799 8
2883 9
383 9
3312 6
8583 4
5762 4
100 2
4967 7
9245 9
5776 5
932 2
563 6
3360 7
1518 10
6514 4
2404 9
8389 9
7964 10
2863 4
4982 6
7914 8
2880 10
7558 4
7898 3
5801 10
468 9
9266 4
7481 4
2765 3
6753 6
4107 10
5576 8
6943 2
3076 2
2011 6
7555 8
7016 3
8523 6
197 5
8995 10
1907 3
9798 6
3001 4
4910 3
3437 10
6672 7
7576 6
8001 3
3209 3
9888 9
2772 4
4700 6
3874 3
8770 2
345 9
7719 5
7023 4
9022 2
9181 8
2350 3
4897 9
2841 9
5848 8
8098 3
1365 6
3828 10
6570 5
1716 6
1936 10
9498 5
8499 7
5330 10
6055 8
6006 5
2669 5
2135 4
5691 2
4441 4
4297 10
9904 10
7495 9
5255 4
5377 8
9323 3
2376 8
1922 5
4078 8
7468 6
5772 7
3075 5
9989 10
9619 5
112 7
2732 3
9012 7
1339 5
8985 4
7715 10
2208 6
8218 8
4704 5
2546 7
7380 5
4276 8
4552 7
5855 7
5730 7
240 9
5867 8
4995 4
61 7
571 7
9456 3
4768 9
1463 9
5032 4
6557 8
1751 10
442 5
3750 5
2865 9
5546 6
8894 4
5898 2
1172 3
794 4
8210 5
7330 10
3682 3
9085 9
6602 2
3030 3
3197 10
4671 4
4544 2
4324 6
7700 7
9689 5
1788 2
441 2
9265 4
8947 10
8892 5
188 10
1093 5
6412 2
7938 6
6560 8
7293 8
4817 7
8502 9
1231 7
7853 2
1719 3
7027 5
6797 3
6378 9
1239 6
2987 4
2114 10
3802 2
2989 2
944 7
8189 7
8732 10
6518 4
9322 8
5966 10
4145 10
9465 7
1980 10
4508 2
7651 9
4731 2
9437 9
1714 4
9118 4
1436 9
8692 6
1984 3
1632 8
2470 7
2698 9
3730 6
8670 2
1505 8
7881 9
6880 9
6761 6
2195 2
9024 9
6204 2
3672 6
8381 6
7556 2
898 5
4206 8
2511 4
2159 2
2308 5
3458 2
6060 4
815 5
5109 4
7797 10
8143 5
1976 8
282 10
3989 5
6496 9
823 5
8321 5
2620 4
5859 7
9554 3
9009 7
574 5
7462 10
9356 4
4721 3
1413 4
1055 3
1383 10
7240 8
2459 2
3290 2
60 9
7410 3
8790 9
7526 3
1815 3
7939 2
7825 8
5986 4
7897 2
6951 3
991 10
5602 2
9048 10
9411 2
497 7
2013 4
2717 9
4144 9
8983 4
3078 10
4513 8
4698 10
8356 7
2603 8
1580 7
8762 5
5112 8
5448 8
3339 9
3619 3
210 6
7710 5
833 5
3806 3
8621 7
9200 9
4864 2
5818 4
6752 2
8715 9
7816 6
4191 4
4403 8
8427 3
5633 7
8458 2
2887 9
9419 3
8601 10
6509 6
334 8
4117 4
3295 8
1934 7
5048 2
4254 4
243 7
9538 3
8314 3
4884 2
2299 5
427 2
1987 10
3121 2
7402 5
4401 5
5523 8
1503 9
7037 3
3855 6
3361 6
1602 8
4591 2
8329 4
5133 2
5005 6
967 6
7189 3
6023 7
4522 7
9153 5
10000 1
4824 3
3530 9
1083 2
3795 3
2410 8
7999 3
5467 6
1627 9
7875 3
9643 7
2844 6
5941 4
6912 9
8089 7
4902 7
2287 10
6012 8
7528 10
8967 4
4682 4
5070 5
2907 2
3190 9
4688 10
5030 10
4352 6
6856 6
7791 2
4856 6
8565 7
2758 8
6052 8
106 8
7652 8
6471 3
4091 8
1597 2
2588 9
3432 5
6080 8
6835 10
9144 8
4422 9
9572 9
3980 6
6711 9
5920 6
3311 7
1062 10
733 9
4432 4
7154 8
5575 10
1983 10
5371 8
5504 6
5312 6
5657 2
1105 10
6506 7
8141 2
1404 10
673 9
2286 3
5210 6
3970 8
298 4
3170 9
8539 6
5111 8
6077 4
9969 2
7805 7
222 9
4405 5
4003 5
4585 2
5430 10
9133 2
3498 6
7378 10
1389 2
5099 5
6426 2
7400 3
2111 8
7459 9
3126 7
275 8
8401 3
9905 5
5463 7
7812 7
109 7
7306 3
4714 3
892 9
2993 5
9071 9
1540 7
5135 2
1778 7
3818 3
4246 4
519 7
2659 4
9365 6
6898 7
529 9
6200 5
4906 5
3810 8
6708 9
9949 9
246 8
5726 7
3816 8
6583 2
8123 9
6609 9
3508 9
8332 2
3434 10
3576 6
4692 10
7105 6
535 2
4369 2
1792 9
6424 4
1691 2
1099 6
3176 7
758 7
2123 9
8797 6
728 4
1173 4
4978 5
1424 5
1952 5
6069 5
538 3
937 4
6398 10
141 6
5518 5
4536 3
3115 6
5282 3
5847 6
7759 4
477 6
1709 8
7606 6
2763 6
3610 3
792 10
8231 10
8115 9
9713 5
4632 10
6068 3
7287 5
1946 5
9577 4
1607 5
4693 8
5127 7
3201 5
18 9
1583 8
2295 4
1168 9
9897 8
5418 4
226 2
9805 5
8744 6
1111 3
8946 4
7536 4
1927 8
7768 2
4429 8
9458 4
8568 10
695 5
5924 6
2506 4
1700 6
3975 10
9211 5
6680 8
7728 5
9946 8
71 2
444 5
6379 6
9697 4
5965 9
6148 4
1641 8
1081 3
7052 2
2594 9
4611 4
321 10
9869 8
353 10
4071 5
7452 6
7571 2
8178 3
4226 10
8242 8
8431 9
2898 4
5454 7
5205 8
8280 8
5581 5
1367 5
6524 3
9221 4
4683 6
2994 5
9999 4
1704 5
3699 2
6674 6
3712 3
5592 8
5079 2
6620 3
2353 4
1864 7
7010 9
3656 5
6365 2
7235 7
3914 7
1013 3
5270 7
5262 2
4589 3
3611 10
1336 8
1395 9
9738 8
2154 6
3388 6
3944 2
3947 5
2725 3
1950 8
3484 5
7450 4
9613 6
66 6
2441 7
3132 10
9116 8
5047 10
1547 10
3354 3
721 10
8656 10
9844 2
2842 5
8503 8
4901 5
2760 10
7813 5
2807 8
3767 9
5997 4
4895 6
1568 8
9089 8
318 6
8110 4
3315 8
3060 2
6349 7
9881 6
7589 2
4059 9
5240 9
2140 8
6953 8
3903 8
1077 9
6325 10
6164 7
9329 7
2788 6
1213 7
4390 5
9041 6
8628 9
9922 2
7989 4
7855 5
5277 6
2184 2
6977 9
2540 9
4190 6
8415 10
4874 6
5153 7
1967 8
3119 5
4614 2
122 2
2552 6
1238 5
1560 8
4339 4
6695 9
6879 4
2770 3
6333 2
182 5
57039384 59
35627517 1761
38864012 5793
33746621 3483
26658398 2764
15222392 7243
53389239 9434
43139373 5757
33962402 1357
35811007 7755
51416676 7519
7842323 9676
53736333 489
15716952 5236
45819428 5547
42423937 5966
48191409 7475
24963909 6957
31289526 9258
44570448 8965
27628355 767
14289197 3851
39052298 4025
28163941 5044
21100745 8156
35260071 2258
27182732 8443
30234396 2652
37087221 2228
41065001 5969
46974340 2323
28011262 8233
45290516 8110
13939466 8908
47259568 820
35564596 2898
52683596 9861
24488928 2050
46902342 2459
9373146 8665
21488678 9114
9463294 9333
38213032 4821
8235051 3697
53094714 3027
45524494 6068
30674882 1980
38925278 5984
13073019 5165
51301970 8361
19144824 7100
17821393 492
42540726 3231
27030768 5805
55993935 9872
11934229 8213
53941873 8150
23904890 8300
49588096 6667
13487134 3347
474656152 26
156063232 9708
405445522 6737
305629335 4130
118452679 6651
243589193 8361
91132237 7590
49266764 941
210800657 9060
46273083 7851
130163060 6964
473079670 4552
426612122 1958
316529905 8869
255415404 6238
43187521 5585
167666756 4276
198635638 538
374027369 1831
372341254 7389
277915814 9674
373117464 1449
41457965 6833
230114199 7624
51484388 5391
3009492 6703
407073953 2254
485243245 100
469990399 6899
397732384 774
245414706 4731
351030580 4371
185301674 6367
237795468 8213
125118952 6922
370729551 5144
453773826 834
432770348 1393
186216263 3250
341688111 9414
396829942 4267
176828252 1601
386960035 6717
101911626 2182
269273476 5604
69936997 7389
260135059 2735
257175085 43
28054225 1924
108256913 5417
386603179 1396
437598814 4274
359638221 3150
348657670 9501
338531975 1178
70438603 1990
462912693 9000
4302441 5160
53240626 8440
424864010 4930
339773633 3941
35000030 6492
238387034 6820
311923508 6774
242930290 9581
268173382 4854
204561234 3842
22312790 246
234718364 4541
451821945 168
67705290 7098
469111578 9859
416568254 9492
124323093 1087
398035893 5281
385703010 4421
383917090 2349
440316243 2932
91637288 2988
403086944 7707
24084426 5413
38745754 1443
228696151 8966
411504643 1342
43375048 2684
445626945 9462
481714908 3268
254159363 2979
365004467 9294
463567019 6332
367811880 1514
358075790 7267
363469763 4279
246403690 5641
278718477 9233
46488704 3127
270012461 179
456485730 6004
484791843 6719
342004626 9889
266933916 3497
153844905 8686
100562188 4535
455262739 5867
135450573 2494
332049081 7825
88877611 7117
104864776 1484
205663143 5123
460945709 2145
292884512 6267
197993382 9828
274263526 2621
413857143 1608
95611004 7282
411459242 2013
447142697 2552
243950320 296
193324879 1582
69565171 1568
168916495 3898
335951361 7186
9553824 1728
300362386 4403
433430462 2565
355621351 5726
147385781 4150
323871349 5497
936624840 43
475859858 8053
643123063 9950
617238700 2120
440513179 4264
515058482 3692
539121170 3908
203744338 4560
247885505 1224
166667676 600
726480636 9564
236138606 1770
56665177 5131
902903588 3615
304734588 9527
294639881 203
322754531 3553
225787522 10000
404834459 7363
782158964 9065
375828676 87
206739138 1922
116406812 3153
5030000 7531
673558852 5591
55126237 3831
811390113 3624
754671074 274
845684265 8509
661635514 4233
347273296 6792
666243887 8876
627337054 1169
531427490 5769
492799646 4875
40808167 9588
299943960 4257
528960766 9852
868898977 8283
283219946 3832
426043165 2563
490644641 5661
25028168 9624
933732054 5950
599980268 100
430823649 5444
501846783 3219
62682568 263
169213425 9541
434034769 2535
233962572 1330
128158634 5609
145636598 7850
525513012 9684
106945780 9159
405860178 664
537928877 9338
101017174 8674
348641241 5001
470309279 8399
284806647 7613
16007600 7520
482301847 638
4017839 3729
45353168 1497
386569983 1765
263077879 4029
205908320 207
440256193 6479
185138656 7417
420905736 4030
344872694 473
567638050 3798
148580610 2818
569265331 4714
202139035 1684
91920764 5729
562040737 5656
374314334 4378
268136484 6687
405538607 1542
395476762 1804
311344645 6411
556001426 4216
431700106 6699
128227239 775
249092180 4287
198945305 7037
401600709 2369
313511988 9722
456195345 7596
380726590 2505
502088259 162
407391704 3948
439204698 8891
336660714 928
400768599 8928
244820424 7511
242933259 2535
157454543 5244
525371673 165
172733974 5385
273696653 9439
158948344 9890
544503185 6824
126925388 7048
14252399 5933
359493814 4334
475668476 8196
74015416 9142
222979520 2749
36806900 9921
340002048 3212
274556582 1525
222948756 8820
489270205 1688
500940776 5233
187592517 3097
182228942 6717
354289095 1255
99813186 1186
314631701 9930
221130352 5663
250783016 7583
479358556 2125
112526853 7234
1917806 8082
230009532 9155
245481974 249
278434832 2393
97897616 778
417625960 9957
128672569 4749
89203409 3119
346992817 7321
229950884 3235
440010480 2907
72110401 8344
524561685 1546
321827133 8190
77364018 3408
26014088 4094
552146751 7932
312257040 1644
440796961 3819
592104064 5
570947509 5878
145248900 3589
56209322 2140
473831682 4775
401751507 1853
957935172 30
287343565 8294
207170330 3572
870559825 8646
181958463 4000
430958806 4804
423177267 3625
301466203 9410
949524157 1074
379202846 5820
721555212 8943
888357572 9668
213260950 6151
284163548 8480
319343 6538
296452176 3269
558809345 7329
605485234 7884
700846033 9685
272678307 1519
234624739 4651
537554280 3474
96763624 3037
931696785 4325
738831992 1757
105759336 1001
495540300 9914
203139891 2845
8659764 9798
747387811 6779
717155285 1978
614437367 13
137530674 2471
57241941 4313
394696905 5563
575195480 431
495492588 6520
386668979 7877
4161628 4142
505487422 6918
467607229 38
481653258 478
50929839 1573
91361929 3043
161637624 9558
123369428 100
60596423 4132
110894721 1875
121249229 2495
37297280 4579
118777554 5255
31849378 6098
32578269 2522
77352864 5077
77661439 2148
29870133 1698
11020937 3828
73154386 3127
95321264 3456
80643673 1059
16176202 577
104191946 4114
60507810 8647
3288177 1143
61350270 1749
88735810 5283
24586651 5462
91995516 9961
99512147 4800
46801100 3522
29781172 8250
111457736 3027
112273740 1366
33265390 9111
38684763 9270
84926393 2251
85762422 8141
93874273 3266
92374524 4223
95221134 3113
61338910 1981
80234434 9867
13290947 9663
85133886 4614
79187083 7725
81093682 4808
33623590 5400
119997067 9910
9939717 1699
7855680 8062
40385877 3526
90987558 2822
73132252 4088
101138382 4453
49906038 9080
92830050 3256
18201524 9858
260293 4965
108064307 5332
80257249 7858
10664964 6882
102565255 7505
40951661 4164
36506672 498
29564195 8756
113306796 2350
122054454 9904
77627140 5660
13075998 6755
41695250 2906
58924297 5668
34674876 465
5291410 1881
108743128 5594
33152831 6794
112073853 9450
30540296 242
72156634 3667
12807926 5499
76719552 1935
82881375 5742
77820361 389
45508953 6990
98218969 9458
2247847 4182
117512757 3467
23716705 3063
9434739 4047
9535910 3748
114024194 9371
116035218 80
107950464 6254
260208 1079
20607247 7323
23724829 4716
4092160 557
71522324 3132
40003444 2246
6213110 8128
58593252 3455
8739957 3804
7155625 6893
33620123 3725
24545911 6298
121519225 3872
79230686 7064
479186124 46
256974795 4728
206254816 6591
101611792 6423
252693938 1175
247613134 7523
425339634 9523
387477620 8484
69218543 6799
321874496 2690
448400539 2879
42318235 4578
462332710 9376
365018434 1608
125505862 8804
221181613 7878
223975995 3536
23915029 239
407773144 5460
440765829 1055
150001297 221
290310132 2325
455999317 8875
8094044 2882
460058578 8427
22344562 169
13206175 6591
214176005 1384
290740476 4844
272978652 8138
229951313 4945
297610095 7339
452587028 1663
120905359 2155
329116020 2926
125920683 6093
338914563 7487
77704587 4992
305225703 1970
231097701 2759
146579077 2651
122794098 1640
442727049 3101
157694027 773
401043805 3462
433348202 5229
383020413 2164
397097570 100
255612540 324
50293831 4583
324803180 906
257664735 429
105859210 1398
298806395 1986
373263977 2617
59698827 9850
205435428 6975
175803472 6566
37680047 7214
96291147 1157
59497486 2213
358577098 7174
224956159 8974
292557919 8125
373986678 9147
127006898 8417
5156275 3095
97455051 2060
32285993 5561
7440588 143
87575298 7585
212870314 9717
3316738 8675
73233578 5046
108927537 188
95183489 3028
385116845 805
245619726 2639
101525394 1616
138992612 7103
356946391 9897
18317109 7625
20978089 7103
377113745 9611
32282858 4941
53319943 9244
9985995 4452
284638884 4331
294798020 5927
180593319 342
134259851 5207
199475795 4044
294978995 3719
188264327 9204
188319172 7548
111154552 3870
318065060 7906
393806974 1440
12056903 3949
279406055 3971
12482622 2560
326705418 5528
122579837 7456
175205193 1276
242352175 5962
26273003 4223
139861682 418
60544406 4052
360124982 2630
193522425 8703
33191885 4479
154126879 6696
275014527 2104
268639012 6463
59631818 1321
250102654 8184
96785325 7471
183610023 1266
347982912 8489
350033114 9853
296136114 490
12318385 2375
12801369 6111
255727652 7502
292911161 1900
219631165 5230
144337896 3077
295146716 7905
360150126 2317
239334088 4207
248023123 3351
246533349 7625
18625388 8375
345936279 2557
96798793 5448
7495485 8034
122870113 1470
92331160 7534
48235431 9487
320718648 5155
373999768 9143
389494543 7815
391769573 4613
269240788 8660
183309198 6049
51955877 4686
186162513 9176
244238451 962
1000000000 1
999999999 10000
196302752 1000
46176281 2162
34439730 2302
155822252 4114
134606670 7994
88965165 4333
162748386 5174
189810249 2182
92879144 6554
89414166 4793
161819279 2098
174464689 346
13828008 7054
16996600 4635
31313806 1671
98312665 7669
164227094 1459
184389885 451
23797581 6627
57107483 1732
68639424 1511
128426664 7841
111815523 8106
32401920 1234
47266877 9812
82710530 6437
31000775 2540
77453850 5656
161347174 5912
68314118 9622
105682190 7006
177114459 4445
62069686 1874
113747436 2851
104367778 1058
156759022 6028
86304437 9338
82742730 5184
117234973 296
121966581 229
145141301 3175
117243176 5746
12175783 3296
130848579 6824
38210973 6231
169335216 726
79533912 2029
178197981 4595
190822302 2797
123131017 133
169787449 5899
61747424 2774
99272317 9370
51063387 3942
156916097 3547
13346647 7948
145334182 4321
174382905 2453
182899355 5840
94077702 4471
27437336 4974
18333379 1285
57073846 4131
97129986 5125
124527242 8857
103768833 1956
141482438 5775
119843159 9699
24571728 5320
142362192 4668
117578586 7243
124664842 9037
114776124 6597
126987783 812
19065766 4831
157833969 1131
77380182 4191
119203358 6418
140720724 2770
120359812 3082
2657435 564
7294030 9426
185903956 2749
93187989 7031
78518657 3956
148787877 5878
164391557 2418
13620795 9307
95790922 253
127448186 4405
178423983 6452
160044390 5409
139760263 8360
10502370 6166
118311983 1289
149548325 2113
13338140 8347
51869314 7739
169118817 4945
140823627 9052
182668664 2361
18527324 6498
1394616 9768
185613350 7735
159164898 4852
5225056 8167
145255904 5483
39070008 8889
178301048 1149
67636913 6180
115480359 8146
72472323 5188
91708525 8770
59131860 1702
72284960 4356
189599304 9620
58917923 8558
33345413 4742
29450668 6735
22497240 615
150962083 8589
60900204 7781
23562275 459
105786201 3937
84611423 747
171731982 929
133779406 6342
148606534 258
22796940 1813
165299147 9594
187900269 9383
65643336 5463
60686181 5567
142280297 7132
156049769 7890
144280872 6841
142337095 1476
60227802 6187
52068590 6051
124545832 1197
783980 8719
53844327 3489
53719901 9682
95722220 841
151389299 6075
92908090 8412
87794930 9776
1893374 613
107932134 7233
164019022 8449
86644437 3172
67512288 3368
190240795 1351
100252748 836
16204886 1904
37724267 9565
86820364 3066
96990807 6510
113811218 9582
37836761 8988
21337300 4872
46929161 4058
68374463 3145
97433515 3608
137426997 1661
6139810 1591
181075869 5590
179227550 3861
165838870 7974
135294642 2648
37150299 7851
30732952 3482
135826660 8289
172230546 6173
169295737 4428
49081139 5320
103943762 9238
42322797 9348
187391722 1146
109450232 5896
67298757 2322
183991151 7103
26250102 8893
99276367 3307
91704246 8997
142323852 5126
157284927 3990
41531338 8704
42548130 2395
30915986 9965
11458269 9651
102516388 6327
14393973 3195
67933647 3743
141300672 5423
28411754 637
148098917 7057
66059463 9218
66477582 5871
160362584 7554
130796869 2337
130632696 9734
121541047 4610
92013144 4879
168764331 586
168766986 9812
28267644 3774
43332116 454
123372113 2820
180700419 948
116291661 7493
25339388 9085
67425267 549
35630689 6222
117473543 8415
168776608 9221
112189118 9848
110830496 1688
99178111 1924
173944897 9035
159470642 6234
191988313 3375
100624931 4116
78195656 3703
164363984 7617
190601103 545
166614930 4333
7057863 7259
8802105 9730
113957732 4524
90253556 2156
93027287 2107
127177494 9616
162040393 2785
80451777 3103
187270440 5376
68503505 304
27237952 4036
53734350 70
68645906 2907
16339724 7854
114442132 2792
78794895 7789
147210 5580
187801085 3564
36591563 7031
74834255 8765
44832145 2534
97919402 8489
27655943 4940
26993190 5428
1925490 8609
47595357 5332
84721764 5172
85808266 7662
126323636 4636
36626336 9695
24102847 8978
19049796 1837
70148109 5278
95755048 8226
26702064 9409
76015580 2836
149698679 8505
120580529 278
67686952 6871
72509896 3446
110609174 5853
77523252 8469
86352394 4286
126995317 5255
64960463 419
27620919 4590
64589347 9500
59297525 4732
24699352 641
109959774 4308
189364533 9832
32009423 3760
5789567 4370
54304877 2968
175821254 2475
109338051 2679
43624898 3330
4627941 7352
14100699 6150
8510821 9594
57459552 387
193074483 90
187876342 6874
126130312 3702
115941628 5443
35047908 9456
51389070 9850
107910385 3566
120271874 960
152314880 4715
63823886 5784
104308188 3067
144135953 483
153756726 6919
95834026 5580
94500068 3819
20181616 7322
172540193 3780
46859764 9493
30551156 5053
54730328 651
132630598 1476
81571765 7595
23442147 676
23411103 3915
93207236 9866
153792526 7084
189938368 1699
81645052 5967
190556904 8186
19704039 5540
40106507 8345
76504047 6329
156966215 7110
167660316 158
30295177 7988
20816845 6559
155548130 7486
192860338 2777
170412287 2918
2544676 7339
169602862 8257
116129942 8313
115957011 4916
131938583 4540
40201850 1926
139865512 8947
166560512 2509
153817573 6595
32800579 8365
16241500 8424
116450564 88
152966376 4323
98519659 7180
185569457 3800
13677529 6787
16581928 8354
151778695 142
143554215 5401
77374378 3360
150049282 8696
61483733 6660
9190385 2993
99316580 2575
52556207 9805
108968414 722
27965611 7537
107397525 7761
15929226 3478
117782680 6662
89647920 1522
149711420 9038
191942974 5990
191747256 2031
116171093 1219
67080034 7859
104564971 4294
34540529 4325
43411119 4479
93331702 8745
28033773 4488
70862674 7545
1881606 7033
80356406 3992
88986638 7725
131382247 17
123791304 2593
102008438 523
91975627 3778
133815768 6609
89330730 9976
100624515 7559
2396011 9192
151074083 8249
64446884 948
126533881 7721
185546780 2894
133914363 4178
71973953 5881
70618369 9083
161642895 2542
113184704 6642
15232495 7174
172409760 9090
127566290 1651
182985921 4120
148947349 8893
6768252 451
142823305 6690
137304641 770
171943629 3233
122149222 2489
73024028 1144
132290856 696
47037323 8495
55535168 1916
81564497 5237
45337111 4186
163946364 9241
95485495 5066
19155825 3257
115494876 3719
5482384 5566
6810964 3127
65136142 1206
71868796 6806
127724911 8600
183426730 5257
7753147 9524
193504715 8195
98292504 5569
181920742 2884
87620795 8151
98232955 5257
84976526 8037
27745492 4997
92643606 3853
181666633 5801
159806948 1327
119478557 9242
137494798 1564
95655686 1445
170733252 7363
147038489 5331
101339495 7967
17906835 4430
161153225 2638
65124227 7828
154045730 6021
2624269 1973
50328101 3275
115859058 2715
62777351 5724
916964 3000
121373696 2939
163088619 9185
95542588 587
111006700 4140
121326403 3868
131198761 3760
38519591 8871
149461017 4946
89812364 8704
125760328 7763
86091424 1459
175478256 1328
112592295 4657
104056229 3916
96014682 3153
150901017 6712
141675014 7772
164640755 4611
69037950 286
155818535 7197
182289044 1954
129646054 3161
16807070 6824
141053774 2982
3668501 6907
120950726 3568
15864456 3888
168782060 164
168090791 8913
164398838 1231
37017187 9652
140652823 9609
47768266 9782
141092316 8904
34683458 8977
18651770 6886
100091891 5699
150614781 4589
101963213 153
127235447 1972
154375267 8131
149543135 3593
158800400 7415
133964732 7559
157580056 5986
107852106 8666
87620625 6137
181582794 8772
94281552 9276
99362920 8610
122089978 6981
103429854 9305
56593251 9313
170340408 3839
140413587 6991
32612049 2091
153133290 949
38908600 6958
135729155 964
297674 3015
90008288 5209
143671462 7040
138191988 1627
109002112 6435
56718937 7564
115136033 4049
95353098 6305
46673744 6943
48786437 630
77043633 7617
7834506 7110
89957169 9263
158978769 5732
127253410 3135
110968840 7578
141762811 4474
168510322 1968
173995453 7118
39026164 289
108072586 4263
179025040 3561
29772307 9113
24792494 8758
74024908 5095
9775014 6315
144514949 6456
103661390 2659
12250065 866
173567067 6925
60045714 1909
179423997 5435
175853472 9796
13748404 6627
177752938 3358
111492398 3456
153032125 2384
59344737 9787
90708850 9808
130789871 8661
53728872 3820
36026151 8285
64908586 2231
118998560 5662
23891246 773
82120060 9715
96604782 3266
155084066 920
176455027 5541
98041534 6141
87379485 7319
171409642 7549
120680169 8426
61547845 7164
137731686 4063
188849791 8168
40249084 751
145941781 5794
47682028 126
153416714 7942
89023373 203
34760198 3866
82804950 8592
86138022 7802
62258950 359
86637882 1679
84070206 2885
182979380 724
122551030 6059
126061575 7017
133356049 6785
81969270 264
67952385 8519
129140083 6046
153272559 8854
173351383 3730
1480609 4887
129383035 826
159291099 1495
57790333 2015
41024459 5900
52870362 6751
81305349 5012
30528182 1928
23356942 61
39131166 2028
123396096 680
123703132 4677
2682753 979
142931687 2710
15591379 5676
36170698 6431
170355051 3613
180399092 3136
22455369 1569
79476044 6102
159875477 2130
42314659 5232
181118514 7222
112763903 5615
148580192 785
121870243 8661
3095586 6466
66534095 733
63976870 8569
112834168 2324
79599796 224
131507910 8645
162161826 8910
19779041 5485
59201769 9355
133272579 5030
5581380 7956
125256666 7676
178275274 2546
42497602 4954
25407801 647
24404092 5323
51935045 2247
20113155 8649
177469620 3213
139851108 8739
22469606 2416
78756695 7832
90612876 3550
141689637 513
150124182 4476
93456232 6713
2847631 4695
100322827 4981
29167486 7526
136307156 3549
26654442 6249
131387294 7835
139074393 3584
19542041 4042
135079784 9829
187076401 8572
75746235 3137
165038720 7014
84937967 1525
15436784 6539
54694983 6626
136082715 7688
93067547 4841
114052990 6846
96468468 946
103658992 262
39954759 8520
193496357 5897
173732325 4399
26394579 7895
99482664 5702
73677746 5267
165020530 7875
113734442 65
194542736 9547
177815381 6620
122106994 8967
76212632 7836
98758960 299
48878872 6333
16986854 3676
93282958 8609
5860135 9426
22151589 6139
58669388 434
97286121 9343
120825017 4093
152735595 1893
113020235 6575
186608985 9198
187906490 3434
54728227 2723
88674424 9504
188737547 1958
36554998 7446
48678292 4552
83493595 1756
169000049 7346
72906033 4692
177389927 819
148934705 761
89919225 3245
12078198 4277
140828495 1456
2028579 4891
163255800 4079
149035205 3711
123624829 3115
190740562 7086
125501080 2334
82992189 396
57834566 9812
100944745 6058
53667620 2591
164170771 8037
117359749 615
165392076 7490
89911867 2766
19289447 7718
84044159 5730
110463029 8465
167529267 8362
22177251 4512
77924762 4323
39438882 3160
180511916 3568
106150248 2577
21159662 2493
139357705 7102
22771378 9418
63333165 3412
169814270 6690
64419190 861
121312594 8479
159025955 2290
116425332 1439
107139515 7905
42573496 6626
32976976 9312
51056393 964
92332871 2233
40324900 8035
36272489 4341
87019628 6207
182021628 8615
188063655 833
146346639 9331
152069064 7927
48742380 4644
1836449 198
130514492 5634
27979421 8603
171751551 4817
61162957 1896
192556965 9028
20824822 9130
49325759 2422
165920365 1233
64720748 1484
48541902 8628
61164281 4152
74717175 7000
117330865 8101
38273388 8883
99891409 7730
155013086 7153
69046184 623
38808716 1683
182362711 669
135850939 9340
174396936 6246
162688558 2514
48216300 4904
38272804 2710
124018028 3663
7975227 4787
116929240 99
140915101 1396
121731738 3393
75122516 3844
185870961 1081
100203503 2920
178836755 5331
174138399 5816
83092696 1771
172875765 2708
72098265 6378
176943615 2594
29615227 6640
176862455 8292
11137919 4574
81212641 7137
142526793 8888
39023367 751
132558677 1463
186348601 5667
193800897 2365
172154275 678
160937768 2711
146337195 6341
21589405 29
147337607 8418
101059772 3685
187638700 233
39294396 8312
79215565 6486
71792684 1196
136735631 1173
63067151 5498
177720433 6092
102898748 7718
66611774 4257
11382323 9314
142877010 934
160231640 511
79397942 1824
12145658 8493
109443114 1150
2835966 4094
187044923 534
53997105 8862
132579389 9607
93867806 7751
116666932 8563
194140886 4252
181799896 2327
140878313 2979
169062130 8802
129881819 3714
144984009 927
119871759 3882
1948634 9675
81920549 8532
68955217 3131
147877688 1000
166836173 5674
8131633 4311
118454236 5121
43901918 3995
56606321 4872
72080812 2781
144509057 9602
160791764 2526
63547796 9204
94618856 7179
172542644 7902
159645618 3982
47517938 5409
84093874 1649
104969467 8656
20430541 2462
34122740 960
136804274 9858
70146448 3898
16345300 9075
130113196 3327
68770130 7888
101596365 2200
35777935 4437
101840763 8199
15108172 8052
103197335 6562
113909099 2295
65116600 7597
191838360 2356
132226553 8467
172561399 5748
25490735 1204
26363288 1935
142888325 7297
81423023 5493
164954206 138
191893568 9042
161418770 8281
47586453 6870
151345058 5642
191111542 3716
95270048 8236
168280493 5739
87206112 5147
43918221 2685
1739391 545
78492030 4935
159242045 982
127785285 4851
41869538 1496
183022084 7491
189082195 5487
24879551 5475
72692681 9944
130146159 6873
70047225 2730
147568339 2174
7171122 6772
95574843 6942
56012494 4713
124842648 2625
32882946 1976
194189474 4000
49588920 5880
183308739 3688
99426834 3655
144811385 6983
176874292 6048
124065973 4268
3420566 3840
13386259 7371
93789853 9300
145838075 7586
61393432 4815
96714548 3390
57116414 8833
127803473 1352
194105888 8344
122127122 593
71396167 3920
13916598 4715
51593936 4929
85399328 5931
145474357 9507
57700900 4273
126752454 515
195149122 9727
130919963 7588
114086451 7284
193420537 6360
182661912 5988
163839645 4366
190476811 8860
95373708 1601
178493590 371
167655559 3444
132722112 3745
29325031 1926
21125298 9107
2194749 4257
60153135 6698
71483334 379
101696879 9651
78743133 5067
181694381 4037
81170160 5944
114763550 5267
93020194 4027
47262993 2733
135104466 2664
141103431 432
100655404 8643
34444420 9344
120331189 6439
160022465 2985
51332466 2937
184118547 2247
35053037 2339
29371439 4555
168770831 8783
130212253 4121
29494334 5732
112970676 777
52641338 8962
182081958 6198
111985710 3172
84013722 535
145688643 9591
154144964 6742
68252545 1914
134118647 6598
171084465 8946
71643255 6421
138001649 6737
91351164 9622
2219113 6057
74900148 9171
157751716 1127
49412965 9083
32741796 9394
106650119 7216
143423663 7037
30370803 213
60170444 8880
93644044 8694
160025312 4611
85750534 8968
62447806 2999
78619901 5204
15629145 2787
90990178 6352
41042425 3067
1711786 6093
63206549 4267
9556158 1883
170592433 5595
185301708 4097
162491484 3191
187880212 7179
179815048 8335
150504750 9636
123577516 9479
28112124 9830
141054159 6274
167521045 6520
48928148 4370
21792857 3863
155887353 194
72038496 2665
100128279 1733
3149912 465
108838701 1728
161920853 7457
128889823 4474
151210666 645
67742434 9498
57498876 7210
226988 4605
4357527 5762
66084811 4460
116091927 4975
158302563 1719
175446446 1152
200000 100
1953 9
9423 10
3395 5
7098 8
5000 10
1509 5
678 6
8325 7
3716 3
2630 6
7316 10
2713 4
5645 8
6458 7
2948 8
3641 2
6906 5
6274 4
7945 6
9514 4
3374 10
8235 2
9974 4
1526 3
2078 10
8784 9
4866 10
8892 7
1131 10
7621 4
455 3
4735 9
9975 1
8579 7
4136 6
6002 5
7952 10
5887 5
1545 2
8982 7
8542 8
3603 4
3235 3
1494 4
2383 6
2761 9
710 6
7323 6
2172 8
8149 3
2876 3
3394 3
8472 7
8581 10
7093 3
6927 8
7655 8
1616 3
7213 8
9000 9
5800 7
1434 9
640 5
9042 10
6903 2
9046 7
429 4
1052 8
8686 4
21 9
6298 3
798 2
9174 8
1283 2
7397 5
3364 7
9638 2
7460 10
6380 8
7643 3
5544 9
9118 10
9270 10
5683 3
4742 10
2183 9
3091 6
9702 9
3047 4
7341 4
5145 4
3885 2
9518 3
5018 8
8410 4
6110 10
3676 8
9818 7
52 6
7525 5
1000000000 100
7400 270
8100 10000
6300 10000
6400 312
1300 10000
1900 10000
1200 1666
4000 500
8700 10000
6200 322
3600 555
1000 2000
7900 10000
4900 10000
5900 10000
900 10000
3700 10000
8500 10000
5000 400
2800 714
9300 10000
5400 370
9600 208
1600 1250
4300 10000
2500 10000
7100 10000
5300 10000
4100 10000
7200 277
2400 833
2200 909
5100 10000
3000 666
500 10000
8300 10000
7800 256
5800 344
100 10000
4400 454
6500 10000
9200 217
8800 227
5500 10000
3100 10000
6800 294
1400 1428
4800 416
9000 222
7500 10000
3900 10000
5200 384
3300 10000
7600 263
8600 232
2600 769
8000 250
3500 10000
4600 434
300 10000
600 3333
3200 625
2700 10000
1500 10000
4200 476
2100 10000
6100 10000
800 2500
8400 238
6000 333
8900 10000
4700 10000
2300 10000
7700 10000
1700 10000
7000 285
5600 357
2000 1000
9900 10000
6900 10000
9100 10000
8200 243
200 10000
4500 10000
9800 204
1800 1111
7300 10000
1100 10000
700 10000
9700 10000
10000 200
6700 10000
400 5000
2900 10000
3800 526
3400 588
6600 303
9500 10000
5700 10000
9400 212
1000000000 100
992000000 10000
960000000 10000
998000000 10000
913000000 10000
927000000 10000
996000000 10000
978000000 10000
908000000 10000
937000000 10000
979000000 10000
963000000 10000
929000000 10000
920000000 10000
949000000 10000
993000000 10000
961000000 10000
953000000 10000
984000000 10000
968000000 10000
954000000 10000
928000000 10000
970000000 10000
975000000 10000
964000000 10000
918000000 10000
947000000 10000
910000000 10000
932000000 10000
909000000 10000
973000000 10000
930000000 10000
965000000 10000
966000000 10000
903000000 10000
994000000 10000
999000000 10000
956000000 10000
921000000 10000
917000000 10000
900000000 10000
980000000 10000
958000000 10000
924000000 10000
967000000 10000
919000000 10000
969000000 10000
912000000 10000
907000000 10000
959000000 10000
934000000 10000
939000000 10000
906000000 10000
938000000 10000
931000000 10000
922000000 10000
945000000 10000
923000000 10000
976000000 10000
915000000 10000
989000000 10000
974000000 10000
916000000 10000
955000000 10000
940000000 10000
982000000 10000
997000000 10000
950000000 10000
977000000 10000
904000000 10000
991000000 10000
942000000 10000
911000000 10000
990000000 10000
986000000 10000
944000000 10000
971000000 10000
902000000 10000
985000000 10000
925000000 10000
962000000 10000
995000000 10000
914000000 10000
901000000 10000
948000000 10000
935000000 10000
988000000 10000
952000000 10000
905000000 10000
933000000 10000
941000000 10000
936000000 10000
981000000 10000
951000000 10000
946000000 10000
983000000 10000
957000000 10000
972000000 10000
987000000 10000
943000000 10000
926000000 10000
815283801 7
309101819 7681
387780726 3106
53777613 934
173915506 8171
581963489 4153
548830408 5570
423297098 7416
1000000000 100
1 101
2 100
76 26
60 42
58 44
85 17
46 56
82 20
21 81
28 74
65 37
59 43
5 97
98 4
33 69
18 84
32 70
66 36
31 71
77 25
35 67
34 68
25 77
87 15
17 85
30 72
43 59
3 99
10 92
68 34
79 23
57 45
96 6
51 51
19 83
12 90
14 88
29 73
39 63
95 7
40 62
55 47
45 57
61 41
36 66
71 31
42 60
86 16
9 93
54 48
53 49
8 94
7 95
94 8
78 24
22 80
27 75
15 87
80 22
24 78
16 86
44 58
47 55
72 30
20 82
6 96
13 89
70 32
74 28
73 29
97 5
11 91
88 14
91 11
37 65
64 38
69 33
52 50
89 13
84 18
49 53
23 79
81 21
99 3
56 46
100 2
4 98
83 19
26 76
48 54
93 9
63 39
67 35
90 12
62 40
75 27
38 64
92 10
50 52
41 61
68460035 19
24129980 5733
19721722 42
34465119 8008
61882616 8284
60060506 6181
51428149 8213
25416743 6208
26239504 4676
50967674 3136
35673401 785
33157109 8938
42696803 9272
2902270 5175
38944335 3028
5935161 2778
37790808 8923
38444544 8607
15926406 2724
39237367 5356
200000 100
1481 2
4491 10
1556 2
829 9
5874 9
9485 4
9351 4
115 7
7238 8
7701 6
4506 9
5445 6
9352 2
1775 8
9142 4
4315 4
9875 1
2792 7
4263 9
9253 9
5849 9
429 7
813 7
4958 8
2137 3
4663 8
5601 8
6242 9
3235 4
2472 4
7723 3
8792 4
6805 10
5019 8
9612 3
5793 6
7259 4
9874 6
4791 9
7758 5
6528 5
6128 4
7773 9
3961 2
7938 3
2846 7
5975 9
7202 2
128 2
5000 4
7622 8
4423 6
4765 8
8365 6
4316 4
6007 3
855 7
7492 10
7539 3
9307 9
889 4
8598 10
7063 2
3686 2
8054 2
2839 6
7264 8
3500 4
5937 10
6895 4
1516 9
870 5
1741 6
5128 2
7574 5
4523 2
9866 5
3452 4
7079 7
2349 5
3365 10
383 2
2314 6
3913 4
6954 7
8237 2
3183 3
9251 9
4036 8
5121 4
7740 4
3161 7
9113 10
1822 9
8135 3
22 2
1964 8
8783 6
1276 9
6202 6
905547974 1
802552966 2884
707030317 9
281688521 2432
335955928 4910
53258269 7797
272014918 3958
82924687 5587
18464905 784
124452416 2225
69311389 1015
360052590 7751
2 1
1 10000
200000 100
1164 4
3798 3
3295 6
923 9
1767 3
602 6
4650 10
4476 5
1661 9
3490 6
4138 4
547 4
4176 10
1191 5
6574 8
5332 3
5000 7
2973 5
1947 6
8415 3
2187 4
4894 7
6445 2
7446 5
5418 5
7557 9
4993 10
9038 8
8865 5
1457 2
884 8
9453 8
7614 4
8132 3
3105 5
1773 8
2964 7
6066 4
9261 10
8549 5
9882 1
2321 7
432 8
9580 5
3956 3
8261 4
2112 5
1662 3
3700 2
966 4
3555 3
1833 3
648 8
4121 4
8818 10
9881 7
4646 10
5161 7
2627 8
805 5
5110 6
1577 7
2381 5
4377 5
6794 9
7860 4
6793 9
3709 2
2584 5
7373 2
6521 8
6497 8
3494 7
7533 6
85 10
4586 5
8385 6
826 9
46 2
9356 8
6990 5
9104 5
4759 9
6396 6
2012 3
7094 9
1641 7
4492 9
1246 4
527 3
4666 6
1638 9
4366 5
3465 8
2231 8
58 4
6196 4
279 9
7163 7
2284 9
267683085 1
202661344 9744
36250584 30
1653509 3040
8668193 3783
16889810 5149
24300946 5120
31067396 20
35726274 8184
26797760 9453
1148689 6744
13637672 9602
4336034 2172
15481408 8200
34251969 1026
9229791 1614
3940820 3175
31785133 4508
24363274 5734
17240766 4362
4008431 5961
31648638 330
14455017 3253
8711576 2461
10910958 4020
9729086 2266
12726963 9266
5932856 2672
5768512 8143
26080448 7649
16659413 7076
9001237 3472
12649034 5873
697923854 83
130313121 1034
277392062 1247
484650172 2141
224305096 5355
208420366 9708
13848310 2073
610078893 7940
618329242 6415
32677682 5244
391898829 117
178410455 5547
67280219 6458
256136115 5454
148808430 196
660735477 6834
311289813 8696
558359379 3638
473842528 7986
200715354 9420
597188797 481
273189398 7909
362279793 2726
633080703 7839
493709261 9766
572519188 8320
555729461 80
158676415 6282
216393739 2548
591186943 1070
242545964 8115
579110871 8500
409349749 6195
490043623 2546
247125148 1578
509241481 6183
215385889 8120
342035539 2862
687123541 7455
102949445 3663
608022537 4396
215563300 5333
305040252 3816
237430425 9289
509547176 1530
601770555 81
424128071 3395
321217746 7286
42510776 6715
516251570 5546
127825285 7084
648886323 6249
322518854 8046
580908334 5648
303539300 2036
295921873 3043
196826989 7121
193079709 5753
98056047 8376
506069135 7857
18854140 169
446447578 9938
388668737 4446
109072319 5620
600824479 8475
2509717 5328
123287337 4424
267708410 568
325489916 1399
170012866 3211
88146310 6114
30005821 8263
415714019 3565
382748172 5963
248482607 9751
510896427 4703
518530596 67
614061896 5683
382258731 7924
399030925 2034
616593835 8682
563457649 4791
175345029 2606
675068963 1155
1000000000 100
999999954 46
999999973 27
999999955 45
999999915 85
999999916 84
999999949 51
999999996 4
999999981 19
999999952 48
999999977 23
999999962 38
999999967 33
999999931 69
999999985 15
999999956 44
999999922 78
999999993 7
999999941 59
999999982 18
999999940 60
999999904 96
999999921 79
999999936 64
999999929 71
999999971 29
999999970 30
999999942 58
999999976 24
999999948 52
999999937 63
999999917 83
999999978 22
999999951 49
999999938 62
999999974 26
999999944 56
999999983 17
999999979 21
999999911 89
999999969 31
999999932 68
999999950 50
999999927 73
999999920 80
999999943 57
999999964 36
999999946 54
999999900 100
999999924 76
999999986 14
999999953 47
999999928 72
999999958 42
999999994 6
999999980 20
999999947 53
999999935 65
999999972 28
999999961 39
999999909 91
999999997 3
999999945 55
999999987 13
999999933 67
999999925 75
999999908 92
999999930 70
999999934 66
999999914 86
999999989 11
999999899 101
999999995 5
999999918 82
999999910 90
999999975 25
999999998 2
999999902 98
999999960 40
999999992 8
999999990 10
999999966 34
999999919 81
999999965 35
999999903 97
999999963 37
999999988 12
999999957 43
999999912 88
999999991 9
999999968 32
999999959 41
999999906 94
999999923 77
999999901 99
999999984 16
999999907 93
999999905 95
999999913 87
999999926 74
999999939 61
358688569 25
355841753 2524
234217490 1762
306080280 5264
217522257 4973
116768559 6125
244394381 7592
89387324 8097
90916170 4036
349211659 2841
123391789 4996
267810344 8576
68254900 5008
168624058 3123
292068285 7206
111986733 2515
314020676 8314
153428746 3679
352646783 6193
182508427 8697
48157575 3359
143960836 764
269359147 1692
221761440 7104
192785150 591
52843906 2513
821953902 9
703670865 6879
78148205 895
87184133 4356
394091319 6167
416779054 1644
263970709 549
138451591 6566
445478947 365
33086153 1813
442303911 55
339312879 1774
28065895 1863
107484460 2900
9247037 2786
437278161 5422
389850256 2038
299563178 709
311080575 6229
74654743 2293
413853875 4087
433568303 8961
166982624 5959
151721754 6632
316290114 2679
363769422 3871
352453101 3769
23499454 8918
16883275 5512
348711489 9780
373961007 2078
78546702 1295
56980494 1722
83187056 259
261097927 2399
433022378 1780
181419545 1515
245409201 668
256009202 9411
40293874 9537
181796584 1584
142455332 7609
66137617 3596
426173630 5630
55690437 4661
292960813 676
391681725 458
233177371 1439
399568927 5184
209036755 1184
365349365 3420
82410997 5268
378231484 8326
95589666 1400
374790438 653
113661368 6378
202705551 6494
308702230 5535
88849973 5106
404490750 6592
415327986 276
166657301 9196
222798663 1801
54416214 2703
146852861 5058
211478591 4292
689841824 31
409214077 4033
499849363 3692
487920833 2277
136456218 3187
677624515 6116
186643433 3457
78286987 9509
401874053 7725
353743751 4846
133895288 9809
149657198 2599
227679949 553
404221093 840
610396228 6316
396561461 1463
658310707 9383
400522892 8775
579240842 9501
597549166 1209
562550110 5212
292848636 6869
409213515 5775
520702577 8456
167561811 5823
137734059 4336
87459647 6613
245908881 6848
271285697 3107
478803707 5937
535601336 1740
454231969 4463
487561014 28
292883974 1105
5980053 9060
47098289 6225
392593633 9112
181660978 7779
214360258 1269
319621743 1345
253681220 4454
159702367 7067
230517033 5173
49136384 2391
50628384 1141
308700956 3766
215177505 9631
195693571 9760
204016402 3927
401710480 4123
345130755 6205
261831465 1568
299919072 4265
295546457 3796
407727198 2069
482375152 9869
124881023 6357
402492824 9699
251497952 1973
212880401 6732
346046434 2098
677566556 42
70080560 754
268031700 5334
276735683 756
339213139 99
238939364 2261
94607232 1014
192869938 1825
296844735 3158
28986833 7814
457858821 4480
356635387 7006
629404143 5720
514793483 7245
666218107 8972
166417562 7569
401402941 6938
48810436 1704
468122526 3933
52975227 7060
336417357 114
104283572 1329
599642197 6381
145092011 55
538614210 1269
522282407 83
577309765 68
192539519 123
394884280 61
524601730 733
379892531 822
638258894 1233
19830672 164
268573066 9588
88441677 8873
646922300 18
223418224 3680
76233515 6957
193488803 8182
86892075 7329
579486906 1793
315697028 8371
581457770 965
200000 100
1557 6
6618 6
3449 6
7782 10
7772 9
8437 5
5997 2
1731 8
890 9
4664 6
2366 7
2456 6
2009 7
2176 4
9416 9
8806 6
3773 4
5513 2
2939 4
5907 10
968 7
9988 8
1095 2
9139 9
6275 10
6125 4
917 6
4267 8
3071 9
8973 2
5881 5
9998 8
6922 8
8686 10
1156 6
4044 9
7649 2
894 2
2739 9
7380 10
3240 6
8713 8
8808 7
2945 9
3526 8
3821 3
4306 4
9310 2
6394 6
7734 3
5629 6
9904 10
2284 6
5022 6
6385 9
8216 7
2999 7
844 4
8315 7
6039 5
7494 8
7980 8
2799 5
3922 8
7475 9
3754 10
1077 5
5000 9
9888 9
9999 1
2902 10
8268 3
2154 8
6140 4
2034 4
4342 6
7826 10
7879 5
1915 4
3633 9
8922 6
544 10
9935 8
3668 5
8118 10
2696 3
1118 4
3562 8
2380 2
1755 5
4826 4
8282 4
719 6
1346 7
7452 2
4649 10
1093 2
985 10
7412 10
8134 3
1000000000 100
999999946 53
999999973 26
999999983 16
999999970 29
999999924 75
999999988 11
999999964 35
999999962 37
999999898 101
999999907 92
999999968 31
999999967 32
999999997 2
999999919 80
999999948 51
999999930 69
999999953 46
999999986 13
999999990 9
999999923 76
999999906 93
999999911 88
999999954 45
999999981 18
999999929 70
999999979 20
999999903 96
999999944 55
999999918 81
999999942 57
999999987 12
999999940 59
999999937 62
999999974 25
999999902 97
999999905 94
999999928 71
999999956 43
999999899 100
999999984 15
999999913 86
999999908 91
999999936 63
999999914 85
999999909 90
999999947 52
999999931 68
999999976 23
999999915 84
999999993 6
999999920 79
999999933 66
999999926 73
999999921 78
999999922 77
999999950 49
999999980 19
999999943 56
999999955 44
999999952 47
999999959 40
999999904 95
999999989 10
999999969 30
999999951 48
999999961 38
999999971 28
999999996 3
999999965 34
999999966 33
999999927 72
999999958 41
999999912 87
999999995 4
999999957 42
999999941 58
999999945 54
999999982 17
999999960 39
999999900 99
999999901 98
999999963 36
999999932 67
999999934 65
999999935 64
999999994 5
999999949 50
999999992 7
999999910 89
999999975 24
999999916 83
999999978 21
999999925 74
999999938 61
999999917 82
999999939 60
999999977 22
999999972 27
999999985 14
999999991 8
636417211 100
560351512 7598
320481091 4140
10962606 811
293195591 8365
536082050 7855
244805090 7733
383546047 4633
566900885 8714
382843097 3496
351187618 2378
563663633 7560
524942617 326
540487926 1598
568432163 1664
275214504 5182
286502734 5438
359996990 4924
114334076 7041
482413823 4831
588306 6214
51166414 8873
186226891 3312
142219674 6742
492900784 3788
559531794 5860
616175550 6931
281003983 767
248011095 6164
167524276 8014
134214043 3115
103438541 9010
284755794 4285
376328434 6925
305417514 6522
202144878 3958
188049772 3112
94416193 221
156677041 2672
71271310 9187
38540021 43
338790724 6779
512897348 724
195861977 2563
77990723 4484
437951484 2136
481252198 8572
46842893 6788
5508101 9177
621017192 8702
354983508 1073
502738832 1818
308760062 4439
454108321 9686
249944462 8523
399783154 7205
67638525 7783
426869267 5424
316837437 8781
163283102 3313
344551499 6332
452218292 967
94662751 1875
446633836 8784
337345658 8628
417193569 4827
587998710 8309
78889373 857
65272539 3763
50313505 9414
8232161 1885
380084825 202
105935686 6449
431621696 2065
575720763 1444
199797456 6084
238592784 1040
605601474 8818
465639232 318
581985817 4529
82934006 908
593554373 905
190205015 3363
302087092 2347
239768246 7335
522280657 2208
2111793 9455
333304909 3242
363218896 1780
41597000 6673
342569917 2414
188795921 820
246007751 8817
257069920 7439
200070320 9183
269733893 2869
302887683 4428
301126834 4763
348772842 5353
104125092 7995
583333343 4699
540000924 10
53183074 8385
156022104 4296
42847689 2427
134714948 4778
105433452 1797
53343826 9013
360920591 8926
30787984 543
163546343 726
537204356 6650
904182636 27
139115794 1571
786958790 4903
825961557 6460
610024583 8636
623226070 4476
778963972 430
535524835 7295
427769410 7574
711268580 4372
351494522 756
811853900 5596
241026330 8928
595621655 728
789922588 1730
862950267 570
262792636 6981
177262209 4802
872321089 174
451350980 4255
201215886 693
857333998 2227
508309664 6801
337527674 9109
404057895 5181
633118484 8594
372133468 2378
797542856 9835
972885051 100
754182562 2074
667820056 2701
795258563 4745
835860596 9614
123988030 9385
230121563 668
855018639 3737
86380532 851
440502266 5355
592227565 3059
579471188 6903
181076039 5650
680206180 936
183298907 6612
134759907 3640
175936194 1138
741235004 6426
488101930 9552
281282521 9635
608167323 548
247807807 9386
455900899 8278
794529301 6239
241788764 9642
220381478 6676
571419324 8953
923969303 9012
13061611 7117
523429527 645
155555493 4066
330276169 3884
208178440 5651
781943267 6057
420553821 4526
790033360 1932
869810869 5982
287084400 2755
734082018 6170
650624071 9823
756116765 543
874057525 4355
859256497 5151
468476720 6691
358683014 118
859431215 2257
962200660 8575
792788710 1767
77385723 868
185415425 6302
365299858 7520
82046622 9922
331457157 3943
474055011 3003
85021679 2790
887467879 8519
928795782 7683
956460680 1376
946931382 139
113116075 4756
62763921 375
215529326 2251
366932158 7183
145840484 284
337182013 4788
159131434 3441
184994086 591
236301813 6636
849398666 2554
737228026 1182
323368291 3270
681461185 9767
214060937 8196
438926111 4191
849095031 5348
358900124 467
166530110 7148
906506287 1435
377912153 8773
717432004 4913
910951265 6297
137088173 9845
148627259 8917
676111814 9099
78146406 8259
468498993 6034
180091980 1085
908405265 7265
9789245 9444
319012983 5235
83514134 892
518282102 8890
372307595 7339
866216187 2698
9869478 7280
564375265 6438
85327596 2754
811967627 4959
169466566 1100
365809085 8183
182715456 6896
318235567 20
201597638 7474
313494360 1209
23506125 8165
79510603 2840
277881272 6908
192971367 5557
94053191 5127
216071757 8132
146586001 5018
17473822 3275
137556493 3157
271049850 944
109550487 1226
247198188 7040
80602304 2401
232765959 6613
26611779 1277
227507297 2581
83657783 8902
124579877 9092
608398047 100
384728602 1332
253754634 9771
22629418 8044
571317258 943
293305822 8485
499226073 6557
98762500 4947
515594838 1049
231820940 5384
29206499 4890
267671178 591
163581369 1911
194585530 8227
348394305 9064
323114291 8467
555906861 5304
232084992 8441
336352853 9869
479943137 7670
325473448 4103
71346537 9550
262206139 554
10320292 8755
511075249 6529
401362604 4214
50749086 8022
150197307 539
552029243 355
108140361 9585
18383246 9643
373096734 7065
200378855 6036
400951128 6641
322785213 1466
552264531 3370
380931941 7437
497514469 9301
247768635 2408
518157102 2471
563880356 3745
128161762 6531
218769862 8331
51706406 3397
110410987 8670
446667235 9726
567135212 228
131970492 6780
517005665 32
137839176 2561
227104380 1470
222146580 101
581516597 1417
388102446 9402
569975653 2558
293946998 9842
59306782 9167
471839519 8934
162209275 5009
459519937 8044
321752405 6836
182238948 6798
425052496 6297
189571166 9256
215256354 4655
364937868 1635
388306162 3412
288632541 3542
355856894 9510
68198792 4008
476901474 7936
418007203 5278
276510199 2646
519185191 2987
1287541 1083
381629563 2809
80331491 8638
337565025 8567
367994664 9383
456618235 8975
36170530 2074
593434206 8196
583784095 660
526851883 996
41979148 7515
591924025 4512
431947737 5471
535146015 2819
603462753 3197
495467623 1635
157120945 7366
124196039 817
412362955 9139
127218954 1728
540859703 3977
106546983 9680
397903682 1722
95674015 4791
160232276 9804
341716203 5773
237671752 7899
113894250 1
53288995 4443
200000 100
2981 6
980 4
3307 6
7548 9
72 3
9848 10
2282 10
8292 7
6540 9
7252 4
6310 5
5638 3
4447 3
5464 6
5047 10
1030 10
3070 9
2201 6
9384 8
2726 10
2640 7
6824 3
2063 8
5000 5
6981 3
7467 9
3443 7
6417 3
9598 5
4149 5
3159 5
6522 5
6276 5
3717 3
5850 7
1421 3
3213 4
4944 3
3365 6
2695 8
3164 10
8767 9
8793 4
9212 4
1514 6
36 8
1014 4
7594 9
4727 3
4295 10
5136 2
559 10
6985 8
216 8
5402 9
69 10
4705 8
8226 9
96 3
4099 8
1621 5
2793 8
9952 8
8534 4
1492 5
3718 8
4401 2
4435 4
1534 3
9827 4
5680 9
4218 7
440 6
6536 10
1513 7
2580 3
4651 9
3891 3
3557 8
2952 2
7991 8
9475 5
8827 5
2543 4
3565 10
5854 10
9953 1
7939 6
3726 3
6123 9
7767 2
2269 9
9250 8
487 3
1876 6
5653 2
1576 9
1276 8
7598 2
7587 9
543885806 59
444888765 5557
36037961 8160
147034464 6870
76284976 2586
395570715 6498
110281366 1483
357819721 2992
72292215 3119
74494208 2372
542002445 8451
523569779 6463
260060083 5198
462290281 5565
364894811 7010
169928951 3557
28421485 9669
421641 5572
69186840 8208
462557875 4685
251618742 8963
274597725 5557
111004575 2295
331416223 6848
476185636 3767
72500508 6383
122993236 3837
56563882 4935
100853019 3808
350652193 4228
459741793 4803
23545727 7962
244291628 5432
227113434 295
213787500 4786
343333447 3771
14341600 9357
116151787 24
487773125 3617
411641305 6678
332412176 254
351052336 530
507796501 9324
272015835 2970
379765482 2527
373395866 5321
389834196 5094
498372494 426
333186681 4263
141386001 1133
515674145 9866
181366122 7747
310551164 5281
348921705 7561
94338270 2837
312816354 9904
416496377 4866
156704801 6382
335930752 3910
286578235 2709
200000 100
8861 8
6519 6
66 3
1264 8
8676 5
701 8
8982 5
6146 8
1730 5
1754 9
5000 5
5985 7
54 2
5320 4
8292 7
7519 4
9007 8
3724 4
4193 10
2341 2
7341 8
9961 8
3202 6
8936 5
6053 10
2880 8
9375 9
8951 4
2629 8
3193 9
1728 2
209 6
3711 10
1062 10
1598 5
4741 6
4110 7
5112 10
4476 3
1328 4
5526 5
9489 2
9589 4
3405 9
3460 9
5976 2
8107 7
7848 5
8467 10
2608 3
1359 6
6582 4
6925 7
9806 9
6222 4
3538 8
2570 9
1305 7
3344 3
7173 7
3453 2
493 6
9018 2
1266 3
2093 10
9962 1
509 6
6647 4
5453 4
9647 10
2762 10
3191 8
1127 8
5455 7
4192 10
1630 9
9927 8
3852 2
9841 5
9623 9
9327 6
183 4
7072 10
7327 2
4209 5
7484 9
6689 4
2408 5
5833 6
9365 6
9444 8
9032 8
9550 4
8891 10
3477 9
6172 3
8364 9
4351 10
1943 6
102 2
845929973 34
390492033 3772
279135798 9259
793235699 2903
29783800 2509
568361881 337
774410846 1358
176379478 630
406118045 2636
619283618 7475
656617875 3061
86581375 2521
473386946 6590
715924216 491
113223866 9898
269636678 8570
347367877 8422
586782522 7694
579395884 8049
51726918 498
775257238 9748
791192590 2784
482570015 8216
445813539 1123
607410938 4949
59069402 1410
788253100 6317
763289027 14
558949502 2757
754311214 4200
689622524 5151
777833792 1275
402071046 771
814588495 6818
558577755 4706
766050419 11
4025367 8703
513935363 2770
54257338 8730
302655248 1387
248599263 9087
534528975 10000
370340045 1542
115003218 803
462901008 7140
293834566 9335
83609956 2707
308005835 100
8681937 6189
238100443 9765
250210098 3070
69574958 4742
29858721 5704
97482798 7098
217521932 2710
52948761 1946
107232229 4574
33283992 1217
35968138 4363
62152711 3020
114558191 7778
59814831 549
60391908 8400
201930689 7487
126743639 8603
67013588 8642
157303259 8963
191246221 3556
277550628 1055
119614029 5358
39644859 2533
11757369 8503
143070256 5986
125144519 8266
297023518 2888
152108287 3147
270292132 2072
169698823 8303
37394864 9767
260633457 776
276618007 2753
82455929 7986
172480020 4567
207958574 6936
73444590 9178
27371735 3337
234102257 3668
18193387 1388
65602268 4786
297138626 8595
110779410 6024
38675195 4687
142800336 7762
32209849 6784
168811098 1121
168329565 8392
283010888 3118
194288241 268
32443407 925
196934613 7025
272518362 7459
112387745 2862
102633422 6938
273701618 3702
168007366 3834
163133449 1497
225432925 4464
200179733 4208
222787757 2035
129543610 7132
78928057 9020
67182914 6888
51386738 6733
22501380 2709
139907283 226
246556144 3336
248804736 9483
108705232 2446
156344447 5581
300681929 4575
199640181 1406
291685877 9201
260171639 1460
1403193 3751
238633998 3295
197494634 204
208812096 2965
63779350 7500
55318044 4702
125435794 9867
255828735 4696
46048464 7735
165593252 1219
151899037 9427
199718355 1633
135909013 2225
143998208 4921
234233108 5779
46537064 5945
200543126 4647
182489728 5497
289014576 7436
5530443 5451
260892148 7356
4774320 2829
124999835 6859
290962308 645
124187200 6754
436487694 57
327687806 2631
184740291 4890
340237490 512
14490951 3844
659637 3730
387930904 9496
6793010 5770
308361247 5728
42313257 8409
87134663 3199
388095245 2606
256342183 2588
128227330 9418
162589577 2106
163418376 6809
345783920 3024
383014018 8382
316245134 5005
221293263 7403
292001710 9562
32463927 604
403297237 7205
267418961 6333
16325924 9770
179554686 4819
321727719 571
142463762 7026
184510782 2638
155254946 91
216051780 3152
397444359 1552
263840835 4573
354861646 3288
246891047 5145
52202058 7698
95095436 2804
18442553 1780
371368745 6530
423014567 3454
277549716 5172
190713420 7850
3227161 3261
207975072 8727
281667221 8154
213722192 8479
328740899 6543
318302448 9685
65424022 7740
375757783 60
388063635 9562
177701082 9122
299341508 9858
47041367 3929
423654221 1907
305458072 447
29180862 2802
135562461 3363
146961892 83
10720677 571
126442090 6272
32504884 9540
132258270 5489
116154835 1942
40884472 9830
93820242 566
73286667 8491
21933922 800
25425020 5951
116322549 9750
9308735 7664
106998290 4673
143382335 5372
27338839 4057
39368060 820
140169635 2604
114016691 3835
50406579 317
114899824 2423
87618196 3895
146389827 3311
59127284 4241
47584345 2421
26587643 1101
109300997 694
117354651 8910
100886705 3168
41353240 7710
97098092 4991
34340783 2292
76693275 2195
25247818 8694
71566988 4676
103707989 9522
31596092 5019
138634287 7945
39008958 2020
70967661 1141
87544456 1571
128680833 1951
70447765 8165
84978454 9911
57639484 5880
24432115 9839
46647542 630
92354049 3851
33058402 1842
140116846 8335
29437149 4469
38424766 8190
60758786 4452
38395562 6263
106924011 8649
21359168 7470
24972650 6743
32063061 5009
114604317 3995
63173014 7097
126624008 9227
2894767 1598
28395257 4002
3852939 9765
98659409 660
388993 1686
1232359 1077
68663354 2390
67721446 1142
86309408 9196
66510747 5321
894781 5938
113748105 8572
137348755 8606
128093229 1519
119359342 5035
23361631 9196
105287979 8652
50120290 6750
87624126 1300
24793839 5713
100264560 7827
131553800 9179
8649527 2783
1000000000 100
909000000 1
900000000 1
946000000 1
953000000 1
987000000 1
962000000 1
935000000 1
951000000 1
993000000 1
943000000 1
952000000 1
986000000 1
976000000 1
904000000 1
956000000 1
913000000 1
939000000 1
937000000 1
991000000 1
959000000 1
911000000 1
921000000 1
905000000 1
988000000 1
916000000 1
995000000 1
923000000 1
977000000 1
984000000 1
903000000 1
966000000 1
912000000 1
958000000 1
973000000 1
934000000 1
936000000 1
929000000 1
901000000 1
961000000 1
963000000 1
950000000 1
954000000 1
915000000 1
957000000 1
945000000 1
932000000 1
933000000 1
906000000 1
971000000 1
922000000 1
926000000 1
942000000 1
908000000 1
992000000 1
975000000 1
920000000 1
968000000 1
949000000 1
917000000 1
919000000 1
960000000 1
996000000 1
927000000 1
931000000 1
979000000 1
907000000 1
974000000 1
999000000 1
998000000 1
914000000 1
994000000 1
970000000 1
925000000 1
924000000 1
930000000 1
940000000 1
944000000 1
969000000 1
978000000 1
972000000 1
982000000 1
947000000 1
938000000 1
910000000 1
964000000 1
948000000 1
918000000 1
941000000 1
967000000 1
902000000 1
955000000 1
990000000 1
965000000 1
983000000 1
928000000 1
985000000 1
980000000 1
981000000 1
989000000 1
997000000 1
605184800 13
297274993 5971
114885994 8361
74327928 2876
543149751 5783
320165974 5679
480283291 1768
276239413 4081
462618993 1247
288773022 8171
517349093 1764
340302197 7232
459741384 649
199287988 8686
379871748 1
267135165 3243
1000000000 100
12345584 94
12345588 90
12345590 88
12345599 79
12345653 25
12345669 9
12345611 67
12345577 101
12345594 84
12345638 40
12345614 64
12345620 58
12345606 72
12345593 85
12345592 86
12345668 10
12345612 66
12345578 100
12345596 82
12345652 26
12345615 63
12345647 31
12345602 76
12345663 15
12345587 91
12345630 48
12345637 41
12345666 12
12345601 77
12345667 11
12345657 21
12345659 19
12345634 44
12345619 59
12345661 17
12345640 38
12345595 83
12345583 95
12345628 50
12345625 53
12345675 3
12345616 62
12345603 75
12345580 98
12345622 56
12345626 52
12345658 20
12345673 5
12345662 16
12345621 57
12345618 60
12345674 4
12345598 80
12345656 22
12345617 61
12345665 13
12345676 2
12345589 89
12345610 68
12345635 43
12345609 69
12345664 14
12345650 28
12345655 23
12345579 99
12345641 37
12345649 29
12345639 39
12345591 87
12345582 96
12345654 24
12345613 65
12345651 27
12345636 42
12345631 47
12345605 73
12345632 46
12345670 8
12345607 71
12345671 7
12345633 45
12345648 30
12345604 74
12345642 36
12345645 33
12345581 97
12345643 35
12345600 78
12345644 34
12345597 81
12345672 6
12345608 70
12345624 54
12345629 49
12345660 18
12345623 55
12345627 51
12345585 93
12345586 92
12345646 32
807998868 1000
759954651 7002
673111082 8809
579844014 8696
458211503 7681
338513083 6722
285178555 1839
716939016 3395
327516126 6798
738456690 534
220713713 2760
380171283 273
773544145 5214
172440429 6379
635149591 2483
462898392 3596
347074568 7821
159368172 1455
88735776 8022
508691126 798
534564859 2438
534703636 3504
661551118 322
343812834 6745
672152676 7575
183357052 1179
339523380 9006
309206336 6581
623256596 1695
409092464 3082
520716939 6743
247451481 4782
671679771 7241
557284488 863
139857555 902
67061567 2834
164702974 8499
227002470 179
288879302 4148
657095081 4733
494667594 6256
524219437 579
484919454 2893
503746581 506
509754958 4647
130957372 6681
51699313 2611
476383042 5955
755816543 1939
765057564 9551
60743508 3843
351585818 4890
647993437 1460
518875606 826
788171778 3675
327895035 411
609932467 1485
204662711 1340
572777194 8973
298013959 2415
58732422 2831
87882108 9386
618859115 7772
670983080 7857
100894949 9485
147120630 721
690797367 9233
58862689 2174
479627534 9761
33560607 5232
399537201 6492
237305564 3972
292026976 7992
241424024 7801
328856827 2527
601901904 6585
596384859 7294
221737594 1948
793580313 799
562120465 6923
746586730 6247
405650221 3557
788973644 639
658034774 3055
644119705 554
475216047 3055
152260900 6754
99902648 6922
226262448 8521
302176641 1054
783545176 8852
326090872 3024
322458002 1790
788787761 2629
487637913 2021
312916142 6089
6498276 5423
46779579 6717
242530500 7664
594387854 527
15908184 2939
326380388 358
345262361 7866
64981342 8093
321357451 7298
622331641 64
778457485 1092
209880239 7119
792375883 6626
153055519 1140
737885898 3345
233641881 3723
401948412 4182
427878809 3104
462526356 6475
581365451 2930
384669251 2879
778264131 6322
74471196 8697
347290426 1387
319313742 2959
714810550 8162
530468194 8248
399836097 5628
239682649 9549
414331652 6210
177517466 8203
67717918 3673
513522008 2942
152988231 2775
771726354 3844
177681057 3053
736245161 2204
565214023 7525
41131862 7468
627933431 7524
95846133 9913
565472464 8864
316830390 9932
482273411 6386
438432141 9537
463415395 3673
510775918 5528
406707036 9441
271353602 8551
541876737 4986
762879593 1878
417640452 5609
312794771 3053
806660796 1279
110680808 7420
435996707 9911
227491154 2707
799883032 3175
736530354 4811
733320481 6772
316103190 2985
370575847 4750
549931296 5020
215886969 9465
17530627 3491
52204519 7540
309882598 4115
222834652 2376
634365683 3568
71389348 8400
221542061 8283
180272759 7846
170733664 2847
560879936 6186
268917370 4194
694179191 9025
123188983 6391
464456532 7780
412268589 8714
371153517 1179
663109094 1601
49610774 1539
713120524 4008
478295233 2202
579470290 3939
117463861 7368
559661308 6880
598700463 1002
16986946 9796
396277163 9880
392250995 6628
604469936 5200
714926590 6715
224195988 42
470627170 8326
753929940 6658
178313895 5261
311931958 7057
642278159 6117
730879205 2038
374623160 3296
201614058 500
348850441 1224
503160791 199
479086199 7606
306309701 5232
379308450 2867
371391970 6310
22567722 2841
66445536 9791
786108823 5541
22898445 7780
36207486 1973
803915036 6035
401137081 8508
726195414 6340
658778885 7625
297808932 4824
778068735 8562
309981237 6751
546270735 8299
437045106 8914
384379426 6813
352704082 3441
459837582 4992
45930937 664
188550305 5908
792018784 8187
483233166 8101
270449367 8739
326247101 9559
553882514 8496
64224448 6814
480819357 3159
6433342 6024
435773970 8588
754541523 4256
386879518 3784
587610559 9756
200899228 7370
511578587 4219
399334905 7780
417150421 3183
438756570 4275
707845699 4982
431066558 7346
343888028 8700
403736919 1849
791716037 9039
33515348 8227
579554008 5737
745851739 9875
475979948 1258
729809840 5321
145835479 9482
415153109 5158
657605554 4561
270476273 2025
731237335 1270
435577976 70
715024845 5864
744457402 8280
409995053 367
561377022 8291
361399938 8169
296228934 2500
286629042 6448
779289294 6767
499785523 966
660197851 9712
82851920 4981
510879059 9068
419236559 715
262680595 6269
248210227 2106
762199581 6290
836730 4027
124896963 1464
604966535 1293
361318253 661
682992978 1593
162439786 2758
754669592 9577
303043003 8897
631808796 8536
368280767 5598
247724562 4158
443391774 7420
749369227 2949
7186723 6319
232741932 5754
36195889 6281
128780688 6096
210430084 792
721184557 5279
387904474 4966
111331832 2875
499672911 8541
476814415 5204
704947111 1861
589399000 7899
608499936 2773
335140932 2812
145445763 2929
697091583 6726
645600904 6958
98676886 6172
111999884 1217
405893965 8157
691903592 674
240550905 7776
466246615 3980
486662941 3379
395962505 4228
506883168 3819
398788518 130
168172274 8963
710201699 7574
278378887 8638
768552390 7085
42822921 6247
319888095 7531
628806573 5392
366403341 6254
587541027 4221
624695882 4946
60302994 811
95367670 7293
593410607 7480
698797751 3084
689900645 2066
518813706 6537
258616712 3396
666468492 7309
406949293 9324
553466992 7910
452801750 4112
147759543 9893
418908403 8066
418654827 8022
622530342 6020
483099861 2105
23380591 3526
235992810 8658
674402497 871
131704281 3691
245242042 8298
508986495 6956
550405061 8196
130011863 8315
636978414 8429
595884014 8345
483218283 2819
711178188 8523
774294437 9031
752922073 5972
332846848 9868
648408555 7150
96300013 4227
606989613 174
434078326 9984
550438255 3081
684060917 4684
37140741 2599
113695343 94
554586556 1477
229455896 5109
738699615 115
433185746 8675
676415424 3008
2176377 3602
2657859 8570
143206081 8319
591062851 5426
87970610 531
227932488 3462
135235543 3683
462946283 7456
88378951 3792
551814561 4020
384408029 9977
65562354 7809
134302156 1811
190747403 898
501427143 6858
368240483 7264
621586871 1962
691499335 3687
542850369 73
32305299 7296
480331710 1355
415145133 1521
514592864 6070
146410830 4111
779919916 8485
170842699 88
633201529 754
91827889 4961
395883708 3056
707773822 9055
628084590 9523
528088739 8333
669498812 1845
237917124 443
709890222 3776
145095120 5880
625022419 7562
535582120 5596
70332166 9296
762793133 8313
776383013 280
511541760 3458
792271385 4649
492294912 1452
610406153 1652
257144444 1293
691383601 7872
656647123 6100
333812918 5863
646425061 9140
705511859 4239
268237974 2913
593280286 8037
51703039 9521
657576784 8785
184196288 7080
778659451 5541
738028046 3297
761426192 2051
603670141 619
794714035 8512
774928792 2360
273223432 7188
613892345 3243
58257697 6738
435725710 4266
111592309 6448
154923360 54
803681237 2291
735260014 3620
588612339 2057
297923316 7256
3571069 1474
284568825 2491
320105269 5858
338913472 3190
798618838 8507
35752948 5524
505102904 7163
590486402 2254
59718376 4478
701551570 1067
388311552 864
97195287 3426
738660679 3122
483660922 5294
564635584 2463
604529779 3492
237071170 9736
558211912 5576
496969729 7931
619253119 646
656452454 65
513946259 4117
719675087 526
328257504 3590
130400701 1494
112084974 4663
803838189 9965
434981575 3614
435228335 3755
228472438 4915
509857400 3509
56568650 6392
286330452 9773
32393658 759
783072448 3988
274294687 5682
157625138 488
498307613 6811
372237649 2719
682790709 4675
779448801 7660
10799714 5754
79909659 2987
21054517 8686
631875905 9997
498913643 1613
732751613 6771
540715877 9036
360410969 3648
566639934 1022
612621650 3070
714023185 7774
492236797 5332
461102064 7241
568789706 2866
166525521 3477
154320679 9372
289907954 1537
715407735 191
304659969 897
508958382 8548
47869926 6645
116227262 3564
434720665 9421
414167275 1465
756358507 2338
130911098 3407
795977504 2117
784303148 4987
747406026 1606
591778733 7531
454686167 2106
545127115 1504
712696259 7209
520077751 3475
202846620 1765
314933971 865
732232902 1290
4285964 763
416449312 9314
89826339 1683
153881069 1584
281833504 1443
725824982 7053
435910968 5127
659467217 6654
734696962 7414
710726709 6257
535458376 7916
119636729 4917
115183451 9013
12586942 552
170076293 260
776068838 9016
373528855 9029
280259452 5991
805923133 9628
114406296 8896
267919846 8435
538451925 5749
410658598 2555
206346555 2016
553081442 768
285343605 4943
8646750 4237
170874246 2160
118216799 5725
482633138 1098
301535749 2525
158931563 3161
224254200 5814
551637943 5262
592436229 1927
17300591 2863
25944465 4793
608481559 7050
703613426 9581
282522899 3878
298888445 4405
487025463 887
171143542 465
104907788 6265
98714217 1558
575173861 7836
155072402 3358
614001514 9507
715799236 7659
609119892 4222
408506214 9394
73714718 9914
641095268 413
713036373 42
377871591 7216
552308276 3488
517807889 4688
709396626 7256
14821183 4888
642117520 7450
799878522 1234
128084516 77
576321944 9719
770566017 8402
48470254 2379
226291054 1978
513922385 1075
318273294 157
59359799 7398
207047123 5863
317376806 1889
332232714 9491
108807209 6515
630472940 8852
456507707 5486
41465145 8315
734383083 1013
580457060 3948
764431009 9596
225258944 7040
29740909 1816
757972228 6238
425342338 9785
445032200 9124
742508223 7516
344447230 3736
426675057 5022
393893985 9080
746397524 3747
271924466 4749
549891212 6983
767039221 9456
537526273 256
188655687 4816
631263229 4138
204243021 4469
354729170 8383
539405651 9908
357061505 3763
27131570 1523
295418070 9885
68033625 8375
630709010 221
468930481 2755
317409610 2081
480153434 5126
587852605 5742
296286274 2298
203615071 5524
705114862 1887
352642333 258
757308471 2003
513536411 6624
224565112 7064
381762857 6006
472026278 2298
115418626 1560
84235758 3139
13539735 1027
112726870 9666
470341216 7113
412763595 4423
36688858 1032
258766714 1121
587140262 3065
465431200 5677
695378789 9267
288642551 935
307999568 602
282187378 4192
160370668 5107
749814856 497
131144707 339
50629237 37
470445719 7058
699046974 2452
569074063 6038
138573370 7196
482462182 2226
621087788 5976
668464531 5863
198342362 824
204049624 4439
343630334 2950
341968229 797
36517332 3746
650872305 9090
216311013 8969
206457051 4429
391195433 5162
635130269 8506
178368931 539
581606726 1063
20993711 9483
751616879 6096
789244082 4745
786835768 9994
761727109 6987
204077005 3395
432317282 9076
348897514 5763
428311022 1080
278366084 2017
393413336 8088
764526205 331
787539842 5265
629697221 4087
164713638 9281
59597492 1350
376949573 2494
635106694 3362
527435562 8055
548107963 1476
33401125 9067
310386114 1347
628769072 9687
634640248 7782
318480089 4170
250131619 4590
594127770 6073
369245869 1972
476542866 4741
747346242 7366
309385227 7283
531210312 2372
567037559 8951
156249444 7754
220772648 5496
514436810 6140
291780742 6502
14544840 156
661825431 6441
783313408 7241
473716221 174
217992760 2471
582865409 5038
600661411 2780
658109307 5125
447741622 6683
404577627 7906
672885693 9170
661196026 6429
594343240 9453
188203151 215
85274464 4873
244059672 7538
69293635 1905
410343814 6401
199812872 6722
650580904 126
416032831 7405
491076867 9878
630246837 9625
336659557 772
218813183 2736
679188766 873
134610684 991
709229805 6019
18285444 7130
127120623 7441
147010331 6924
671473407 9856
709731998 9416
352407396 769
185345769 8809
522527797 3508
228204029 9543
777269761 6077
170030830 4704
242758545 6723
518399631 5732
210629444 9815
603150272 3213
311398317 429
599595246 3531
390449181 3950
129829061 2184
288915064 2972
1247113 9148
235614964 1284
44778416 3895
649949645 4274
318828248 6551
272480 5568
461466849 1703
804769199 8745
59426486 640
443299027 8708
459530737 559
108869215 5236
239826974 2201
119569839 8447
45582393 2211
385290371 2691
70054986 3290
253827208 6307
439893893 9136
241481726 5994
229752439 2670
250400502 7002
83254936 1600
524952379 9421
84001165 5589
371071652 5200
240118965 7509
562607346 2753
51194835 6834
398392476 472
37054342 6202
37439268 3531
399900335 4614
93488786 9569
648901551 7441
685483761 9012
730032470 887
741577946 4908
57449306 8779
384841135 7312
781768712 9840
624792613 6289
494792985 596
640119978 7533
387692548 2498
492250935 8918
162417700 8133
260507125 3694
9080745 744
320323845 9125
158071645 8947
158875904 2477
13477083 7141
609134866 9568
796249734 6313
189259962 6659
213656266 8177
627551292 2894
162775205 9586
96495478 4634
149302707 7902
615429482 9314
721809089 2997
369953304 9493
274655392 6957
338667559 9426
47788512 2630
587395689 8414
750837465 7246
227036097 4222
323174369 7283
710340470 4592
182959043 8950
378129117 3860
196048829 5265
18002071 7656
241610347 7127
165350958 1308
786680712 551
432386776 4521
443329519 4120
624301100 6471
789040744 7418
543518448 8399
466231184 2443
509405429 7780
683606547 7735
634359504 2278
631955478 975
774515914 8472
434886431 5476
247899406 3055
317519828 6417
306543945 3090
56842479 916
434336218 6224
730563083 4629
743689178 8190
317771867 6110
177963010 9984
110292773 7006
592829962 9573
514211008 743
38313042 3732
263533410 3952
755050760 4260
251435113 9180
440829047 4629
455383632 5017
778107387 4538
143694994 3215
489537569 3556
186251723 3905
595350655 6276
737243152 87
191914418 9282
237282509 4350
143416638 541
114472293 3603
703990996 5192
134792535 1591
153004085 1083
560404321 555
12028755 874
151479073 5978
618862322 6669
608939975 6322
399575303 8324
254702429 8857
437496274 5473
60149090 5339
131974124 2048
110197710 3930
687106398 9068
292887437 6968
97250197 1516
217230617 1560
456561646 5453
643149921 7519
642907068 102
142972251 785
742170576 3000
590012422 8966
133168325 6852
345564930 146
389158818 218
597585224 9144
533731636 1117
536082016 7385
190936650 1588
372244989 6368
459105746 6776
27048638 282
40125936 3960
502206516 9101
750070580 7791
374590850 7911
313013364 6228
36421513 630
434225479 1517
76016648 7903
445358140 7413
139906977 3281
491242518 2295
695616826 4407
40528246 8826
748628940 4233
457453642 5072
627835803 4558
591551039 9434
684666232 4994
432910665 449
10070117 8099
249193461 8567
298520695 6551
549669804 7370
121305680 3418
551072568 4304
397149494 557
452077597 1753
175790908 7712
456351589 7774
675560288 1524
39581490 5697
674854155 2239
17717380 1987
140329543 308
185583783 7262
48381748 8929
272657277 3809
739756466 571
245514996 5304
739580661 6618
794054351 6295
446279083 3767
466184368 3191
454220172 5614
91061278 7183
687719061 3166
519296079 1127
274865232 5337
476102954 5977
106628483 4218
160572331 6191
462662398 1000
559467382 6762
491045758 2173
232291752 5813
610149105 8047
608670367 2506
75291547 8053
739497314 1757
520429240 4835
482097728 9305
407004936 5977
128455920 2410
432061277 2392
172341435 3711
655665849 4174
288441861 3394
255647994 9197
761205485 3801
74485012 7980
235764308 5421
279706016 9991
680107551 1685
508499817 238
489396025 2937
475326881 3288
145716339 9234
796341669 8764
804928866 3248
323700231 3870
540161313 6324
179764097 4225
687968344 3922
197303707 8222
175120520 6798
397745220 880
668055765 3336
546762704 4913
334369311 1489
723702170 2848
303766133 4131
208970275 4752
610008422 446
686820718 3840
884621307 39
69983165 2463
280683457 6143
75991135 3349
773655984 6995
691472387 4893
794778562 6501
650493138 1230
750185752 260
585949703 8364
451319844 9590
37493641 4092
649470199 8509
323131633 6159
611115498 6983
159420001 8800
214385344 3315
73128492 1445
170257695 9001
134501224 5596
495653429 7853
531530270 4768
785400612 6187
754134081 6798
346141324 969
343104807 2510
764574352 3699
496424487 347
711750477 7086
30503549 3441
581188863 9963
395563507 9356
480941016 2424
463337395 7944
47672872 9384
679444253 1285
820630044 2279
213480538 6551
241237800 1369
424352554 3023
1000000000 1
999999999 1
150211948 78
98446554 8033
54136175 1831
47128743 588
58948527 5466
110585610 1696
111447723 3645
116660269 8841
143391302 3336
47410867 7439
81537593 6671
3595269 2479
26081493 7497
146438175 1032
4242402 7733
128896307 517
50237820 4442
117427014 8092
90226482 4099
1171986 8472
112342261 3006
113532038 9049
138441928 7163
44026824 7943
30501128 298
45118862 9008
39323793 8059
49943027 8533
141046527 693
12944882 2652
125969226 2064
135663420 9441
49463057 8590
95786644 5398
140180157 5191
15510008 5624
7325821 443
76551474 3546
150047972 7738
35590979 9844
110389358 6227
11133675 7873
82560610 9799
115210610 664
14049444 5607
99630793 1982
54756531 6868
53473553 2029
58607698 3595
144097780 7888
42838780 9556
27238135 6136
89477733 2548
107344664 8018
58562261 4834
127134749 1863
125520164 2938
135455759 4263
43563331 1347
102633090 3969
114564666 9460
134814265 2155
19730496 8422
70598047 1457
12857252 6990
131113710 9700
136919727 3624
142946741 8616
64289428 9974
133025632 2297
26636742 8282
42369039 9127
47429746 4765
29401684 5011
64906574 8522
106667516 4688
58806270 9276
61463316 9389
108450297 4260
784341041 11
192519666 1202
187687678 3296
427981260 2875
207880723 4195
267063382 9803
219084436 2101
428442995 3305
166841386 6471
690518652 714
138961445 7152
90945577 829
200000 100
5000 5
3400 3
7627 8
6431 6
1981 6
3368 3
7723 8
9386 2
7588 2
5661 3
9526 5
4608 5
1474 2
3641 9
4190 7
4867 6
6303 2
5828 3
5428 2
8369 5
4718 7
571 10
6846 8
415 5
1596 2
5380 10
4652 8
9676 6
3695 2
692 8
4953 7
1536 6
6491 8
6503 4
1145 5
2027 5
7828 9
1942 9
151 9
8235 6
834 9
6887 6
5098 9
52 5
2154 4
9596 8
7229 8
444 5
4671 5
9707 2
6146 3
2539 2
3544 3
2392 2
2674 5
7900 9
7566 5
8275 3
4766 4
8777 9
905 4
8736 3
3795 8
3475 5
8862 9
3255 10
5149 7
5402 8
5868 5
9379 10
8046 4
9977 1
499 8
6079 6
4643 3
9498 10
3257 8
3639 7
957 8
8824 2
9911 7
3347 8
7161 4
80 3
9358 6
7765 2
1979 5
7228 7
5474 2
5439 3
9976 10
520 4
4315 8
9419 8
655 10
2451 10
6036 9
7255 6
2078 6
742 9
1000000000 1
1 10000
668681726 66
567921960 3010
221182431 3394
500945269 3250
184755268 5757
519993677 575
554404109 1458
469825901 1288
418951399 7743
561066884 5015
529769909 9492
351056218 490
532676699 27
606747808 1819
220080614 8563
615695270 7580
154732930 6543
305449124 5173
628740149 6
445532187 5676
505573352 5701
117665155 9413
364237570 4125
310009202 6011
255445903 499
386360303 5424
398601944 9034
60450652 1384
453421830 2034
168244222 1284
649697452 4025
169874291 312
382197227 8619
481133076 3294
505056887 5143
509996028 5555
93494409 5331
574578297 9282
812643 407
289709046 8154
100001809 5889
36920600 6302
606035639 2465
416888494 1519
659004083 470
360640649 527
151128410 1769
274223166 6925
497661578 9950
483132659 3406
421260234 3562
309773068 8747
36471703 7389
23866160 3351
543400727 5831
258404875 3945
558617084 9234
541023509 8003
534625761 3897
460119529 5388
651191075 3998
659429691 8400
547677197 3608
612731520 2262
93015540 6321
86797740 9455
604836970 6822
449891610 2
364229774 3726
341198346 680
327788594 100
207736083 4490
256667099 4639
281707877 4476
72010455 9854
226704314 2815
57972455 9951
64823578 5767
151865040 1899
179146110 4955
279375875 2611
18099692 8507
89151967 516
136058743 9135
189198986 1572
269061814 5164
135649760 3879
30587061 8275
282991332 442
2611433 3760
264223466 8527
27188410 4112
168928555 9401
13776054 7627
246466581 287
244673159 455
106767573 5125
239998442 8427
174779673 7275
94391756 5581
104578562 6200
259303174 9004
299118836 3831
63778746 9396
106273172 6673
89359231 9144
30320548 2552
198044737 8630
210848199 1046
77958513 784
255961976 4486
210890307 1870
164218285 6657
76848677 3727
5573479 5976
148444659 6904
192501799 4446
112862994 7771
61641860 6147
150270956 1463
243699581 9083
183096441 8847
222147014 8484
250684340 6819
139901215 225
155701318 5669
183685218 8818
27334424 478
241222123 6394
288618996 3566
72470531 3515
40697014 3788
203649321 6461
13304618 105
201674380 7022
30486937 8532
261016068 5711
180569405 6308
13572319 8751
65367207 5373
105858878 2577
94790912 5456
291075495 1801
48285644 1851
58115490 9302
109925973 3907
191721025 687
23511689 6214
170400612 7585
240196364 498
192373702 7022
205561179 2735
280907940 5849
218966922 3104
251021664 9254
42166819 976
181458491 6551
240464296 6840
144911802 798
258979991 16
246030364 6380
268518427 3337
104955695 1242
186614675 7815
51344901 1120
30104456 2422
298953744 7840
187616215 4739
134014290 2078
282693075 5267
43715762 9953
852105709 10
56689859 1763
709275063 4626
408804098 3368
784548207 9996
316946468 5471
731607364 2937
676875465 1628
72275427 3
744814801 9885
589819332 9928
200000 100
8384 6
8688 10
5442 2
6200 4
5000 6
5246 6
74 10
914 5
3426 9
4653 3
9376 5
3293 4
8213 5
2529 6
8054 8
6879 2
1256 2
7825 9
8577 10
8312 3
6965 7
9379 1
6786 7
4201 10
9293 8
9280 8
1017 5
9378 6
1436 8
4249 2
6320 7
1923 10
2486 8
2987 8
5092 10
3982 2
89 9
1533 8
141 4
5669 6
4387 4
5397 10
5768 10
101 8
9332 2
1160 3
1988 3
4286 6
773 9
6651 7
7716 3
7673 8
8985 9
6378 2
6632 2
1820 4
4684 7
4406 2
7221 7
747 2
4191 10
3553 3
2365 9
5146 10
814 6
8265 6
9188 10
4002 4
6108 8
8655 4
7682 10
5565 5
1787 7
246 5
2436 5
7486 10
732 3
5340 6
6031 4
8365 5
1999 4
6567 9
7068 5
3055 10
6614 6
6227 10
4181 9
7416 9
4536 9
2694 5
4801 10
1863 6
5894 4
4547 2
2495 3
539 2
1819 8
3347 6
7756 9
3324 9
654590693 8
11109935 2335
343930237 7415
168832271 7711
120805481 5259
35399869 821
565737200 1257
454862279 7543
135283040 873
1000000000 1
1 1
632068888 12
157997294 6021
481844152 3605
69621807 3996
105902524 3576
271681091 9835
605802006 5350
558649962 7737
389832758 6513
433088169 1822
308599050 9005
612359336 3687
585582784 5566
200000 100
6230 2
1766 2
6936 3
7224 4
534 5
3100 7
1138 6
1299 5
8432 2
3079 8
1193 7
8834 8
8701 8
8296 9
5604 4
1745 9
1319 10
1325 2
880 10
8258 4
4949 2
5000 6
4322 10
6621 2
9969 1
4849 5
1861 7
5204 8
4930 5
8970 10
7919 10
5459 2
8532 9
6583 9
4654 3
5227 10
8024 4
1865 7
9044 10
4179 3
1490 9
7684 8
7538 7
8483 9
2917 8
9677 9
3471 10
362 3
1108 3
9968 10
2201 2
9681 7
2759 2
9270 5
8942 10
1408 10
675 9
1186 7
6271 5
3534 10
6585 6
6091 3
589 10
8128 8
174 2
8404 10
9369 10
6381 9
2311 5
1268 5
9672 9
1106 3
1324 5
3976 10
8636 8
8714 4
4463 4
9123 2
5404 2
8029 9
3176 6
4448 5
9378 3
3933 10
1264 6
4230 5
1622 2
9350 3
5996 9
6683 7
378 3
1572 8
4175 9
7593 9
4776 7
9274 9
8259 9
7811 8
990 5
6050 7
916549434 2
544454196 8739
860116991 3516
383018752 1
207462977 7851
395348374 2
339641001 7563
295454729 3786
258934799 14
31881059 1807
190409847 2469
137120458 9054
214417390 2237
205915306 6940
18771843 1728
173358138 3143
135210453 3057
28797644 8372
155258938 7370
120271514 790
71393950 3828
160787593 727
9838740 2633
398914188 4
282739611 7815
12363361 5661
235713930 9649
252153370 3929
219393652 6
124808917 5868
103302225 817
157019194 6866
11679187 2121
215858240 6954
51836000 8434
200000 100
2604 7
8281 5
9839 6
3631 5
8608 2
3933 3
4480 8
3364 9
2573 5
7894 4
5545 3
7867 2
668 8
4693 3
6107 8
6815 2
6619 4
1771 7
5972 9
7178 5
9324 8
5589 6
7202 3
5530 8
6467 5
7874 10
5459 10
4723 3
4587 4
8624 8
8853 6
1464 3
3841 3
5852 2
4269 2
5010 9
6786 10
4110 6
1952 8
1110 6
6438 4
3802 8
3207 8
1095 3
4057 9
6715 7
3089 4
7456 7
9723 3
5018 7
9830 6
2885 5
8887 3
7717 10
5916 3
9579 4
2566 7
7084 6
7376 8
8816 5
8056 3
5967 3
7476 7
6201 8
8606 9
5103 4
5500 10
3107 6
9098 4
1138 9
7983 3
6960 3
61 5
4370 6
5463 2
7864 7
4540 10
3622 4
3084 8
4326 9
8540 5
5353 2
1744 3
2183 2
8665 10
3810 5
8857 7
6698 8
9039 7
2990 4
3832 3
3379 7
513 6
4242 5
8392 3
20 9
5000 10
1796 10
9840 1
818 7
