99
2525 1
2400 5
300 2
120 60
60 90
475237711 1
403774025 103
891631654 1
649755762 8427
511224807 1
377771050 4243
599211319 1
575370838 6523
358433845 1
161138082 5676
100782913 1
1002502 3834
752454946 1
508113990 5187
324719721 1
234308022 7204
642781465 1
324881785 4786
540457792 1
240582347 7371
925338464 1
867458899 2936
993964640 1
871160324 7112
800209880 1
580035252 6881
65479389 1
30888100 73
145093608 1
52011203 1071
870924858 1
142076210 4997
931835055 1
98665546 1518
720477258 1
395362819 9780
2 1
1 10000
912177696 1
452780104 4944
725134997 1
347583732 1921
1000000000 2
998000000 1
999000000 1
200000 2
5000 3
5001 1
981621070 1
435753451 4638
596547305 1
115042243 6870
455114881 1
307569708 6430
35888765 1
6464023 6414
1000000000 2
200 10000
100 10000
969970973 1
160480325 6030
757727120 1
273419155 3623
85373529 1
33655866 3889
214831972 1
100550521 3138
1000000000 2
999000000 10000
998000000 10000
11808613 1
81870 7397
1000000000 2
999999996 3
999999997 2
561399599 1
330566555 4869
509450753 2
253720465 1623
226114566 3864
885061652 1
294410509 2711
865754190 1
148536489 5077
267067896 1
5066287 4158
429731074 1
59987483 597
30988680 1
697434 5705
1000000000 1
1 1
51181200 1
46687448 4104
2475188 1
1719698 7160
165760266 1
142500430 6584
1000000000 1
1 10000
822027765 1
3109595 3739
319051031 1
61067552 978
1000000000 1
999999999 1
667207099 1
43754728 5889
456418087 2
116194673 4680
62737975 5948
440278658 1
371094772 4776
555502927 1
511218578 3846
970411113 1
687455698 715
386056022 1
281333727 5968
629865717 1
202161594 1937
724077881 1
576069841 3470
433336252 1
37768799 8529
500745218 1
7055006 213
701226281 1
526307682 8698
515989480 1
145020528 2909
1000000000 2
999999997 3
999999998 2
1000000000 2
1 3
2 2
238079808 1
234030854 3820
16071539 1
9099817 9763
786126157 1
753911991 3172
481120178 1
137429248 2509
438819792 1
246212991 4439
57428389 1
41369770 3488
230144287 1
110527646 812
430558367 1
178133632 5441
2 1
1 1
564873949 1
356462908 1953
510055387 1
223950105 9227
929033711 1
32382030 3192
816763588 1
31638935 9485
870559002 1
95732349 5049
1000000000 2
999999998 3
999999999 2
373024080 1
174734844 1050
264327528 1
222288036 6837
387690979 1
331282526 4589
302739625 1
89805084 1426
999143972 1
992224652 7478
425709160 1
340014535 9672
270325924 1
5029389 3770
262560502 1
261188606 1873
1000000000 2
12345676 2
12345675 3
548109679 1
14571626 3858
944369428 1
428719766 6450
72616500 1
48847646 740
106865956 1
53112788 7803
423569641 1
48491314 7473
103947148 1
48846371 5319
521210226 1
497771464 4411
1000000000 1
999999999 10000
15968854 1
11314857 7381
