99
2525 1
2400 5
300 2
120 60
60 90
444461490 1
307501350 7148
809156948 1
413641954 7558
211231445 1
27922335 7021
500984270 1
222465901 6818
728317566 1
357843460 7646
370603308 1
146373963 8731
1000000000 1
999999999 1
501169380 1
171407215 7411
115304536 1
18994917 2867
632118401 1
468797480 160
260753973 1
51405370 7733
445496400 1
146718134 2345
592326380 1
156213112 409
37871670 1
24208334 6012
1000000000 2
2 2
1 3
697404202 1
315965799 6585
1000000000 2
999999998 2
999999997 3
440974324 1
317988347 5497
431873002 1
117400261 355
867253024 1
835897135 2295
314021464 1
29959767 5683
776794900 1
449206526 4953
39671785 1
1088903 6471
87115763 1
48963666 7384
306887689 1
258289995 9151
471216583 1
172965963 4415
359836742 1
333758054 8113
148072109 1
1785160 5989
798750343 1
740211353 3597
995208768 1
933844929 4045
234235738 1
172664100 2627
355989187 1
59603696 635
838916529 1
642315134 5312
123150339 1
111119768 2302
427034002 1
30305466 8841
1000000000 2
12345676 2
12345675 3
60298908 1
55632750 2951
90561446 1
67557162 9949
879233775 1
595378180 1247
467054865 1
352078160 2998
232228254 1
31906928 9179
745530415 1
453628354 9643
1000000000 1
1 10000
587916320 1
314476363 1650
2 1
1 1
342302510 1
161130700 4931
54792508 1
51763141 4193
1000000000 2
999999996 3
999999997 2
92455639 1
56341266 7362
666863211 1
122640299 9057
182774182 1
18814328 160
434867380 1
387252859 7455
1000000000 2
100 10000
200 10000
329108372 1
190763817 9452
78937694 1
17666195 8098
171637308 1
31928677 9281
53170857 1
11240965 1316
327556798 1
295761857 4606
633060260 1
273182995 729
103884003 1
60603957 2356
983877852 1
137724849 7335
370975381 1
276201238 7039
471968609 1
387687018 2497
229558787 1
35060886 3679
810147067 1
729579357 4320
1000000000 1
999999999 10000
304074909 1
258358937 1241
718417182 1
165977267 9245
328491529 1
196689895 7336
587348605 2
538167563 8690
570189796 3630
264328253 1
228861465 217
1000000000 1
1 1
990512963 1
149176012 1967
200554101 1
81165874 3453
285946926 1
71986640 4276
2 1
1 10000
291455884 1
116661996 7546
586003083 1
262841723 3733
1000000000 2
998000000 10000
999000000 10000
684156885 1
645509594 1832
6562989 1
2601697 9073
629728096 1
270376145 3522
996979986 1
453157948 4779
1000000000 2
999999999 2
999999998 3
879300288 1
378706562 3722
200000 2
5000 6
5001 1
1000000000 2
999000000 1
998000000 1
474420790 1
24884287 2250
506175851 1
332765195 5342
13689108 1
3163728 3134
643551696 2
239209539 5233
420319322 6991
63430510 1
21986934 9769
772386861 1
32642170 1716
273646716 1
253185183 4185
137164130 1
60978278 2367
576801220 1
247321211 3040
973701903 1
209833794 7840
