100
1 1 1 10
1 2 3 2
1 1 3 2
1 2 3 1
1 10 10 9
3 3 3 2
1 4 4 5
3 4 8 6
7 8 9 3
6 9 9 7
5 8 9 3
9 9 10 3
7 8 9 2
3 3 10 3
1 3 3 8
1 1 10 3
2 2 7 3
2 3 3 2
3 4 8 1
7 8 9 10
1 2 6 2
1 1 9 5
3 3 6 4
1 1 2 6
1 1 1 2
1 3 4 10
2 3 5 10
2 2 3 6
4 8 8 10
4 5 8 1
1 10 10 3
2 3 3 1
5 8 10 6
9 9 10 9
2 2 2 4
1 1 3 1
7 8 9 9
2 2 5 10
2 4 10 2
1 2 5 5
1 1 10 6
1 1 10 2
3 3 9 9
4 5 6 7
1 10 10 1
2 4 10 7
3 3 4 8
2 2 4 10
2 5 8 5
4 6 6 9
9 9 10 10
1 5 9 3
10 10 10 3
2 3 3 9
3 8 8 5
1 1 4 5
9 9 10 1
1 1 3 4
4 6 9 1
2 2 6 3
1 1 1 1
1 1 2 1
1 3 3 3
2 5 6 4
1 3 5 10
7 7 10 10
10 10 10 10
1 1 10 10
9 9 10 2
2 2 6 1
1 2 5 1
1 10 10 2
1 1 1 8
2 5 8 3
1 1 2 10
2 5 7 3
2 3 6 10
1 10 10 10
1 2 3 5
4 4 4 6
10 10 10 2
3 3 9 4
1 1 5 4
10 10 10 1
4 5 5 9
1 1 10 9
4 4 8 6
10 10 10 9
1 3 9 10
2 5 6 5
2 2 3 3
1 4 8 4
2 3 3 3
1 1 10 1
7 8 9 1
1 4 7 2
4 8 9 3
7 7 7 10
2 3 3 10
2 4 4 7
