100
4 2
5 2
6 2
1000 1000
1000 1
776644470218433708 757917160248468670
1000000000000000000 499999999999999998
388249483431642232 387593304765074871
417782060847722819 383011318322880782
1000000000000000000 284006160629801936
2 1
529011707721564458 491743865816591615
999999999999999999 128
1000000000000000000 127
874817921857656782 771598968766652915
500000000000000000 128
1000000000000000000 1
999999999999999999 436866581327282365
999999999999999999 127
832371069128731291 716992176245591621
1 1
500000000000000000 144115188075855871
999999999999999999 288230376151711743
999999999999999999 499999999999999998
500000000000000000 250000000000000000
826120894575774207 619812508613045567
999999999999999999 423539247696576512
500000000000000000 142633209926627599
766408073693309421 589566900177049870
842961914910852836 718019365398573829
340995632238332810 286842820458339734
745561923648242947 674974942529703912
738044043946988577 733649772817119236
749732179451782681 704693656847425762
999999999999999999 499999999999999999
1000000000000000000 341178659913437726
258146125858186656 254316321981811244
311923905301378943 280657422977050673
1000000000000000000 288230376151711743
675500798472357049 558732432515143168
504867121951959475 466866144937473082
500000000000000000 127
999999999999999999 423539247696576511
658750597232566872 513784845818034273
999999999999999999 576460752303423487
3 2
915950469131732797 859882757616429061
500000000000000000 500000000000000000
1000000000000000000 423539247696576513
500000000000000000 173372696999768347
807173012425123426 739758214522089134
500000000000000000 499999999999999999
500000000000000000 249999999999999999
500000000000000000 256422022247221595
500000000000000000 249999999999999998
500000000000000000 211769623848288257
895466116211569685 710348528747225720
863960287425266351 655827968783138738
1000000000000000000 2
255426033934550215 207570983463844185
1000000000000000000 128
500000000000000000 211769623848288256
835748690409688492 695313320060242468
1000000000000000000 999999999999999999
500000000000000000 288230376151711744
999999999999999999 999999999999999999
1000000000000000000 1000000000000000000
250900866949647857 191665645485541060
5 1
999999999999999999 288230376151711744
1000000000000000000 553098266307685698
1000000000000000000 500000000000000000
1000000000000000000 423539247696576512
500000000000000000 1
500000000000000000 2
880693036068230539 678477019904403996
999999999999999999 999999999999999998
1000000000000000000 499999999999999999
999999999999999999 576460752303423488
564234421382701706 476040354123498197
999999999999999999 499999999999999997
500000000000000000 144115188075855872
999999999999999999 283956633866707573
999999999999999999 1
322254522825718150 313553288449900535
999999999999999999 2
896960344309297494 739333735026281295
4 1
263282049983974403 205248139539426467
500000000000000000 288230376151711743
622708391576850839 497593584824077089
426614690794823067 359389588084528176
685891721514995478 532780720257976715
1000000000000000000 576460752303423487
1000000000000000000 576460752303423488
2 2
3 1
622145704564597561 514074415847437774
1000000000000000000 288230376151711744
999999999999999999 410133012231205038
