100
4 2
5 2
6 2
1000 1000
1000 1
921986 709892
500000 237856
999999 499997
999999 524287
500000 262143
875203 660626
946386 851956
999999 274590
377199 343478
528821 491825
1000000 500000
500000 132573
999999 524288
500000 262144
947857 879276
500000 250822
500000 1
298620 294109
1000000 262144
557252 497324
461555 442040
1000000 128
999999 262144
1000000 999999
986240 813163
999999 999999
3 1
937337 873581
5 1
500000 128
346575 304800
1000000 524287
1000000 2
766876 737368
999999 128
1 1
490505 454906
1000000 410855
846869 737167
983834 797313
500000 250000
500000 131072
399186 301872
1000000 499998
500000 237857
426459 330412
500000 499999
966332 753081
500000 127
866051 730081
4 1
500000 131071
999999 479866
1000000 1000000
500000 2
1000000 475712
999999 1
485451 393897
999999 499999
1000000 1
999999 2
390776 334912
1000000 262143
419296 366159
999999 499998
711881 595202
3 2
500000 500000
1000000 475713
1000000 127
304660 293335
999999 999998
2 1
1000000 499999
875446 814096
999999 262143
403437 343267
2 2
983621 785485
1000000 524288
500000 249998
999999 475711
1000000 506847
979674 867859
708442 699208
494299 450404
573686 546555
410512 345877
685670 661168
781992 741482
500000 249999
861819 795434
999999 127
999999 475712
352696 295356
