100
4 2
5 2
6 2
1000 1000
1000 1
999 256
500 499
500 244
268 210
951 931
618 512
999 512
500 127
883 721
842 838
729 725
1000 489
999 999
551 430
500 1
2 2
1000 2
999 998
890 803
793 631
500 117
958 765
999 498
999 511
1000 511
500 101
999 487
324 248
1000 512
999 2
309 296
430 396
500 2
500 245
507 401
882 789
511 502
395 317
1 1
500 248
698 630
787 751
5 1
766 636
1000 255
870 746
655 542
500 250
1000 128
999 270
500 130
1000 500
500 256
675 638
500 116
885 839
636 512
780 630
999 488
1000 418
1000 488
999 1
4 1
1000 999
999 127
999 499
527 524
433 412
337 334
500 251
472 397
999 255
264 259
1000 504
1000 127
2 1
999 497
3 2
1000 498
609 465
999 128
500 128
500 500
526 431
569 554
731 622
3 1
999 490
500 255
500 249
1000 499
855 819
787 630
1000 256
780 771
