100
1 4 2
1 7 7
2 5 1
2 16 2
10 5 5
10 5 3
11 12 4
19 12 11
8 13 12
13 11 8
16 15 14
5 2 1
4 6 5
18 3 3
20 20 1
1 6 1
2 5 3
8 8 5
17 9 2
16 5 2
5 8 8
13 7 5
13 4 4
7 4 3
2 18 9
1 20 20
5 17 5
16 8 4
5 6 4
2 8 4
14 2 2
11 15 2
20 20 20
14 13 4
5 6 6
9 15 7
1 6 6
7 5 3
9 5 1
1 7 2
1 6 3
20 1 1
15 5 5
18 6 5
20 17 10
9 12 6
1 11 9
14 14 5
1 7 6
2 16 9
7 18 7
20 16 8
1 7 4
17 17 11
1 7 7
1 10 2
1 7 5
18 5 5
10 9 1
1 6 2
1 6 5
7 12 3
17 11 3
16 12 7
15 17 10
20 10 10
11 4 1
6 15 7
15 20 7
20 5 3
1 6 4
1 7 3
1 20 10
2 4 1
10 20 20
10 13 2
19 6 6
2 7 1
10 20 1
14 19 7
20 10 1
6 5 5
13 12 8
19 20 4
1 15 15
9 11 9
14 16 6
19 7 4
19 14 9
3 7 2
20 20 10
13 20 20
1 7 1
1 20 1
10 20 10
2 9 9
17 16 14
9 7 1
3 8 8
16 12 3
