100
132
1000
7
111111111111111110
2135590
989
11110529079557384
94668954877547588
964752577414117207
605283771027601840
531775742520856772
60
667065185529441886
723562675157133306
1111110
592499570081487229
791233344566678899
69333444688888999
1112233333443
123334467777889998
511233444455677999
251123920720775628
1252754
1111244566780
114675998796755859
111771381272348488
1533344455666688
5499999
725
214025022305385480
31
274368138452272672
11
326031824488507802
511223345556667898
11222333344558185
11111111222222213
1111222455666777
846601042066016785
366811144444456689
2233355
226344684742879175
7444455666667899
272570365187256114
1222333477888880
1
1234443339837
339
8111133445555800
3318242575461
8122345556677
460174219875955061
530298362835878959
999999999999999999
1444556666777
23
925846576652183170
543315094217931803
1278185679796
343715468395266488
535076128682470703
10
611222344567777999
381179118797318971
1000000000000000000
3355555552437564
21244455667788899
111111111111044559
895419713677370979
696105815750702813
2446624
31223344555677890
2334388
6355998
1222344455553359
12344423596997657
231291366728364010
961693496977353599
6000112344579
439999999999999999
178426278751428766
1123322245556689
2623356
6599999999999
142
11222333444566665
6223466667778998
10999999999999999
846
8799999999999999
111122234444444407
31222444556667898
9
1333446667888849
126
1111112222215
1111112221128
8345638
251521272138993888
811224455567777900
